# Left column = Time after Trigger in seconds & Right column = # Counts / Exposure = Flux per cm² s
0.000000 0.227009
1.000000 0.170886
2.000000 0.169811
3.000000 0.255852
4.000000 0.454014
5.000000 0.197666
6.000000 0.452996
7.000000 0.281022
8.000000 0.226324
9.000000 0.197028
10.000000 0.312350
11.000000 0.196718
12.000000 0.199378
13.000000 0.141702
14.000000 0.310453
15.000000 0.197656
16.000000 0.338587
17.000000 0.368582
18.000000 0.312083
19.000000 0.226837
20.000000 0.310940
21.000000 0.228306
22.000000 0.170552
23.000000 0.227352
24.000000 0.226814
25.000000 0.284283
26.000000 0.197868
27.000000 0.170180
28.000000 0.283605
29.000000 0.143002
30.000000 0.283461
31.000000 0.171635
32.000000 0.197655
33.000000 0.170615
34.000000 0.168759
35.000000 0.198328
36.000000 0.199572
37.000000 0.366335
38.000000 0.254626
39.000000 0.283621
40.000000 0.225749
41.000000 0.199052
42.000000 0.169840
43.000000 0.228318
44.000000 0.084746
45.000000 0.227754
46.000000 0.310740
47.000000 0.310295
48.000000 0.170978
49.000000 0.253545
50.000000 0.171082
51.000000 0.226079
52.000000 0.226174
53.000000 0.257943
54.000000 0.394969
55.000000 0.341167
56.000000 0.199523
57.000000 0.141188
58.000000 0.226881
59.000000 0.170812
60.000000 0.169437
61.000000 0.227279
62.000000 0.169674
63.000000 0.171624
64.000000 0.085077
65.000000 0.226339
66.000000 0.339633
67.000000 0.310970
68.000000 0.170607
69.000000 0.311798
70.000000 0.198192
71.000000 0.171414
72.000000 0.113658
73.000000 0.312356
74.000000 0.170229
75.000000 0.394850
76.000000 0.142201
77.000000 0.113585
78.000000 0.142190
79.000000 0.255503
80.000000 0.227729
81.000000 0.084572
82.000000 0.197401
83.000000 0.228293
84.000000 0.227645
85.000000 0.227181
86.000000 0.169676
87.000000 0.315095
88.000000 0.227547
89.000000 0.170110
90.000000 0.113498
91.000000 0.312052
92.000000 0.113635
93.000000 0.227275
94.000000 0.313867
95.000000 0.369964
96.000000 0.056838
97.000000 0.199064
98.000000 0.169083
99.000000 0.228055
100.000000 0.141936
101.000000 0.141425
102.000000 0.170076
103.000000 0.253532
104.000000 0.085687
105.000000 0.283844
106.000000 0.227854
107.000000 0.171608
108.000000 0.141481
109.000000 0.171376
110.000000 0.254745
111.000000 0.142733
112.000000 0.284028
113.000000 0.142057
114.000000 0.340426
115.000000 0.368825
116.000000 0.226818
117.000000 0.226616
118.000000 0.169385
119.000000 0.113863
120.000000 0.366768
121.000000 0.226069
122.000000 0.226380
123.000000 0.227144
124.000000 0.113771
125.000000 0.228080
126.000000 0.253974
127.000000 0.256648
128.000000 0.226175
129.000000 0.227969
130.000000 0.255756
131.000000 0.142721
132.000000 0.256605
133.000000 0.310301
134.000000 0.254957
135.000000 0.170338
136.000000 0.169790
137.000000 0.256343
138.000000 0.254568
139.000000 0.226873
140.000000 0.142171
141.000000 0.256198
142.000000 0.141533
143.000000 0.311659
144.000000 0.113667
145.000000 0.142150
146.000000 0.085351
147.000000 0.339920
148.000000 0.398349
149.000000 0.169782
150.000000 0.256427
151.000000 0.254099
152.000000 0.170346
153.000000 0.255113
154.000000 0.284721
155.000000 0.226923
156.000000 0.254476
157.000000 0.113387
158.000000 0.141989
159.000000 0.256199
160.000000 0.228353
161.000000 0.171289
162.000000 0.452638
163.000000 0.143070
164.000000 0.141980
165.000000 0.170963
166.000000 0.170283
167.000000 0.142022
168.000000 0.113450
169.000000 0.255459
170.000000 0.226786
171.000000 0.113656
172.000000 0.254166
173.000000 0.228260
174.000000 0.282924
175.000000 0.254354
176.000000 0.170650
177.000000 0.368164
178.000000 0.227577
179.000000 0.424393
180.000000 0.198884
181.000000 0.085489
182.000000 0.255164
183.000000 0.338666
184.000000 0.426809
185.000000 0.339766
186.000000 0.255778
187.000000 0.198955
188.000000 0.284112
189.000000 0.084936
190.000000 0.200023
191.000000 0.113411
192.000000 0.226125
193.000000 0.257261
194.000000 0.170124
195.000000 0.227951
196.000000 0.254756
197.000000 0.338653
198.000000 0.198714
199.000000 0.257060
200.000000 0.113102
201.000000 0.197987
202.000000 0.170104
203.000000 0.113455
204.000000 0.284913
205.000000 0.198389
206.000000 0.226956
207.000000 0.284832
208.000000 0.198390
209.000000 0.256133
210.000000 0.227648
211.000000 0.256197
212.000000 0.282263
213.000000 0.228326
214.000000 0.368257
215.000000 0.255414
216.000000 0.283313
217.000000 0.256138
218.000000 0.399909
219.000000 0.256753
220.000000 0.286340
221.000000 0.340705
222.000000 0.254868
223.000000 0.256887
224.000000 0.170808
225.000000 0.198814
226.000000 0.228294
227.000000 0.113419
228.000000 0.254783
229.000000 0.255458
230.000000 0.400027
231.000000 0.200156
232.000000 0.171019
233.000000 0.171491
234.000000 0.339056
235.000000 0.197516
236.000000 0.254584
237.000000 0.199033
238.000000 0.314411
239.000000 0.198899
240.000000 0.283934
241.000000 0.340864
242.000000 0.284324
243.000000 0.142844
244.000000 0.170204
245.000000 0.312221
246.000000 0.283903
247.000000 0.228046
248.000000 0.171041
249.000000 0.170244
250.000000 0.170721
251.000000 0.228547
252.000000 0.141970
253.000000 0.256933
254.000000 0.197442
255.000000 0.227959
256.000000 0.255850
257.000000 0.255737
258.000000 0.283158
259.000000 0.199581
260.000000 0.000000
261.000000 0.255177
262.000000 0.370032
263.000000 0.197549
264.000000 0.142290
265.000000 0.199003
266.000000 0.313190
267.000000 0.199395
268.000000 0.368176
269.000000 0.198574
270.000000 0.056928
271.000000 0.170392
272.000000 0.085437
273.000000 0.199368
274.000000 0.170055
275.000000 0.170285
276.000000 0.028333
277.000000 0.198336
278.000000 0.312800
279.000000 0.000000
280.000000 0.371995
281.000000 0.256004
282.000000 0.199296
283.000000 0.085610
284.000000 0.113292
285.000000 0.141525
286.000000 0.142422
287.000000 0.170191
288.000000 0.114372
289.000000 0.369733
290.000000 0.343695
291.000000 0.200299
292.000000 0.228485
293.000000 0.141555
294.000000 0.227915
295.000000 0.255619
296.000000 0.170494
297.000000 0.284472
298.000000 0.142348
299.000000 0.258285
300.000000 0.228146
301.000000 0.256073
302.000000 0.344387
303.000000 0.256604
304.000000 0.284747
305.000000 0.314153
306.000000 0.313144
307.000000 0.458369
308.000000 0.170530
309.000000 0.199598
310.000000 0.143441
311.000000 0.171565
312.000000 0.142166
313.000000 0.142516
314.000000 0.114674
315.000000 0.171242
316.000000 0.283966
317.000000 1.000000
318.000000 0.486359
319.000000 0.315897
320.000000 0.370069
321.000000 0.285571
322.000000 0.399851
323.000000 0.255698
324.000000 0.114505
325.000000 0.113712
326.000000 0.141967
327.000000 0.085422
328.000000 0.369552
329.000000 0.228812
330.000000 0.170860
331.000000 0.085724
332.000000 0.198562
333.000000 0.227747
334.000000 0.113867
335.000000 0.143283
336.000000 0.142471
337.000000 0.169942
338.000000 0.113643
339.000000 0.340764
340.000000 0.114396
341.000000 0.169519
342.000000 0.199017
343.000000 0.284457
344.000000 0.171490
345.000000 0.170779
346.000000 0.170863
347.000000 0.228712
348.000000 0.085140
349.000000 0.171612
350.000000 0.142036
351.000000 0.228412
352.000000 0.200516
353.000000 0.142133
354.000000 0.085461
355.000000 0.170973
356.000000 0.142527
357.000000 0.286174
358.000000 0.144270
359.000000 0.113650
360.000000 0.201145
361.000000 0.114280
362.000000 0.284346
363.000000 0.286537
364.000000 0.028442
365.000000 0.200246
366.000000 0.227143
367.000000 0.311309
368.000000 0.227691
369.000000 0.114071
370.000000 0.142043
371.000000 0.142203
372.000000 0.057149
373.000000 0.142404
374.000000 0.257221
375.000000 0.226681
376.000000 0.085755
377.000000 0.141798
378.000000 0.170860
379.000000 0.141675
380.000000 0.141895
381.000000 0.228169
382.000000 0.086012
383.000000 0.171027
384.000000 0.227767
385.000000 0.198284
386.000000 0.256436
387.000000 0.170024
388.000000 0.198709
389.000000 0.342442
390.000000 0.227109
391.000000 0.171584
392.000000 0.113434
393.000000 0.171238
394.000000 0.028360
395.000000 0.170605
396.000000 0.085663
397.000000 0.170741
398.000000 0.113386
399.000000 0.113784
400.000000 0.227823
401.000000 0.142438
402.000000 0.255388
403.000000 0.285376
404.000000 0.227498
405.000000 0.028556
406.000000 0.199018
407.000000 0.085356
408.000000 0.085594
409.000000 0.056914
410.000000 0.085959
411.000000 0.114883
412.000000 0.113851
413.000000 0.057319
414.000000 0.142244
415.000000 0.142203
416.000000 0.142172
417.000000 0.143268
418.000000 0.201275
419.000000 0.227851
420.000000 0.170882
421.000000 0.171258
422.000000 0.341582
423.000000 0.028626
424.000000 0.143187
425.000000 0.170866
426.000000 0.199707
427.000000 0.342479
428.000000 0.169763
429.000000 0.143693
430.000000 0.171763
431.000000 0.141501
432.000000 0.227308
433.000000 0.199445
434.000000 0.283099
435.000000 0.142507
436.000000 0.085809
437.000000 0.085512
438.000000 0.142453
439.000000 0.143061
440.000000 0.056899
441.000000 0.256973
442.000000 0.169888
443.000000 0.227919
444.000000 0.142873
445.000000 0.141869
446.000000 0.114600
447.000000 0.171100
448.000000 0.142241
449.000000 0.114014
450.000000 0.113747
451.000000 0.085436
452.000000 0.114601
453.000000 0.085170
454.000000 0.227943
455.000000 0.113930
456.000000 0.142131
457.000000 0.114138
458.000000 0.141869
459.000000 0.113844
460.000000 0.141912
461.000000 0.028441
462.000000 0.056890
463.000000 0.142833
464.000000 0.000000
465.000000 0.171980
466.000000 0.171003
467.000000 0.114639
468.000000 0.256360
469.000000 0.142732
470.000000 0.170944
471.000000 0.312183
472.000000 0.142214
473.000000 0.256322
474.000000 0.199771
475.000000 0.198771
476.000000 0.142118
477.000000 0.227935
478.000000 0.314302
479.000000 0.113765
480.000000 0.113743
481.000000 0.028369
482.000000 0.114444
483.000000 0.171347
484.000000 0.113508
485.000000 0.198838
486.000000 0.056865
487.000000 0.085950
488.000000 0.199406
489.000000 0.056922
490.000000 0.114020
491.000000 0.229006
492.000000 0.056628
493.000000 0.170958
494.000000 0.228166
495.000000 0.113455
496.000000 0.258187
497.000000 0.198892
498.000000 0.000000
499.000000 0.113660
500.000000 0.199168
501.000000 0.028552
502.000000 0.170509
503.000000 0.170058
504.000000 0.171904
505.000000 0.057091
506.000000 0.171141
507.000000 0.113898
508.000000 0.142156
509.000000 0.313980
510.000000 0.171979
511.000000 0.312670
512.000000 0.085898
513.000000 0.085866
514.000000 0.228347
515.000000 0.257668
516.000000 0.200155
517.000000 0.170821
518.000000 0.143094
519.000000 0.084771
520.000000 0.114363
521.000000 0.057214
522.000000 0.197759
523.000000 0.114910
524.000000 0.228412
525.000000 0.199682
526.000000 0.143034
527.000000 0.228972
528.000000 0.199473
529.000000 0.141984
530.000000 0.057286
531.000000 0.142175
532.000000 0.085547
533.000000 0.199683
534.000000 0.143179
535.000000 0.171873
536.000000 0.085816
537.000000 0.057368
538.000000 0.085568
539.000000 0.114809
540.000000 0.198995
541.000000 0.142515
542.000000 0.142356
543.000000 0.057194
544.000000 0.143300
545.000000 0.257064
546.000000 0.142393
547.000000 0.142282
548.000000 0.142078
549.000000 0.143163
550.000000 0.085284
551.000000 0.142413
552.000000 0.028695
553.000000 0.084917
554.000000 0.171820
555.000000 0.171469
556.000000 0.028308
557.000000 0.113119
558.000000 0.143690
559.000000 0.141956
560.000000 0.056987
561.000000 0.057106
562.000000 0.057177
563.000000 0.142052
564.000000 0.171598
565.000000 0.229127
566.000000 0.028450
567.000000 0.227408
568.000000 0.171359
569.000000 0.142251
570.000000 0.171949
571.000000 0.171264
572.000000 0.114406
573.000000 0.142747
574.000000 0.171999
575.000000 0.283562
576.000000 0.227073
577.000000 0.085976
578.000000 0.086323
579.000000 0.143500
580.000000 0.142516
581.000000 0.114889
582.000000 0.199431
583.000000 0.114303
584.000000 0.143455
585.000000 0.170487
586.000000 0.172175
587.000000 0.143138
588.000000 0.143158
589.000000 0.085707
590.000000 0.142280
591.000000 0.114047
592.000000 0.028495
593.000000 0.171716
594.000000 0.085992
595.000000 0.057061
596.000000 0.113900
597.000000 0.114775
598.000000 0.113845
599.000000 0.142057
