# Left column = Time after Trigger in seconds & Right column = # Counts / Exposure = Flux per cm² s
-299.500000 0.126650
-298.500000 0.050315
-297.500000 0.075829
-296.500000 0.088996
-295.500000 0.076339
-294.500000 0.050738
-293.500000 0.125967
-292.500000 0.126997
-291.500000 0.152410
-290.500000 0.025387
-289.500000 0.076423
-288.500000 0.075999
-287.500000 0.050806
-286.500000 0.076281
-285.500000 0.088762
-284.500000 0.101430
-283.500000 0.088284
-282.500000 0.063614
-281.500000 0.088569
-280.500000 0.088417
-279.500000 0.151087
-278.500000 0.075855
-277.500000 0.037884
-276.500000 0.088095
-275.500000 0.088118
-274.500000 0.100374
-273.500000 0.051047
-272.500000 0.101626
-271.500000 0.063226
-270.500000 0.088733
-269.500000 0.050721
-268.500000 0.088574
-267.500000 0.075747
-266.500000 0.063289
-265.500000 0.050550
-264.500000 0.075961
-263.500000 0.101467
-262.500000 0.176668
-261.500000 0.076107
-260.500000 0.025393
-259.500000 0.063075
-258.500000 0.063778
-257.500000 0.088509
-256.500000 0.127247
-255.500000 0.076011
-254.500000 0.038138
-253.500000 0.164271
-252.500000 0.050672
-251.500000 0.139058
-250.500000 0.063151
-249.500000 0.126859
-248.500000 0.063706
-247.500000 0.089132
-246.500000 0.050582
-245.500000 0.062650
-244.500000 0.088365
-243.500000 0.063213
-242.500000 0.088483
-241.500000 0.076016
-240.500000 0.075897
-239.500000 0.063258
-238.500000 0.102707
-237.500000 0.088878
-236.500000 0.063475
-235.500000 0.037931
-234.500000 0.025330
-233.500000 0.138876
-232.500000 0.063324
-231.500000 0.051003
-230.500000 0.075526
-229.500000 0.063337
-228.500000 0.025503
-227.500000 0.025381
-226.500000 0.088568
-225.500000 0.075642
-224.500000 0.062697
-223.500000 0.064348
-222.500000 0.038012
-221.500000 0.088634
-220.500000 0.101437
-219.500000 0.063481
-218.500000 0.050436
-217.500000 0.063494
-216.500000 0.076275
-215.500000 0.037995
-214.500000 0.076541
-213.500000 0.037900
-212.500000 0.089077
-211.500000 0.063036
-210.500000 0.038160
-209.500000 0.050808
-208.500000 0.038010
-207.500000 0.063189
-206.500000 0.075910
-205.500000 0.050274
-204.500000 0.038166
-203.500000 0.025292
-202.500000 0.101219
-201.500000 0.101008
-200.500000 0.063521
-199.500000 0.063195
-198.500000 0.063284
-197.500000 0.088304
-196.500000 0.101124
-195.500000 0.050541
-194.500000 0.050509
-193.500000 0.037963
-192.500000 0.037966
-191.500000 0.038085
-190.500000 0.088410
-189.500000 0.063500
-188.500000 0.050601
-187.500000 0.012676
-186.500000 0.050772
-185.500000 0.050772
-184.500000 0.127076
-183.500000 0.012615
-182.500000 0.050586
-181.500000 0.063457
-180.500000 0.050843
-179.500000 0.101289
-178.500000 0.037725
-177.500000 0.050601
-176.500000 0.050341
-175.500000 0.037758
-174.500000 0.075975
-173.500000 0.012719
-172.500000 0.050818
-171.500000 0.038080
-170.500000 0.025313
-169.500000 0.037979
-168.500000 0.113731
-167.500000 0.063482
-166.500000 0.113306
-165.500000 0.038171
-164.500000 0.050647
-163.500000 0.076273
-162.500000 0.087881
-161.500000 0.050413
-160.500000 0.063145
-159.500000 0.102188
-158.500000 0.038094
-157.500000 0.063713
-156.500000 0.050509
-155.500000 0.063477
-154.500000 0.037885
-153.500000 0.025294
-152.500000 0.126604
-151.500000 0.038109
-150.500000 0.076546
-149.500000 0.075861
-148.500000 0.038054
-147.500000 0.050705
-146.500000 0.025334
-145.500000 0.025240
-144.500000 0.088943
-143.500000 0.088658
-142.500000 0.037799
-141.500000 0.063416
-140.500000 0.063353
-139.500000 0.063831
-138.500000 0.050892
-137.500000 0.037986
-136.500000 0.075701
-135.500000 0.076366
-134.500000 0.076207
-133.500000 0.037962
-132.500000 0.076396
-131.500000 0.063197
-130.500000 0.063338
-129.500000 0.063382
-128.500000 0.025272
-127.500000 0.050993
-126.500000 0.025266
-125.500000 0.088377
-124.500000 0.012669
-123.500000 0.025469
-122.500000 0.076090
-121.500000 0.038117
-120.500000 0.025413
-119.500000 0.025323
-118.500000 0.075804
-117.500000 0.050808
-116.500000 0.037741
-115.500000 0.063426
-114.500000 0.101204
-113.500000 0.089017
-112.500000 0.050898
-111.500000 0.063208
-110.500000 0.063060
-109.500000 0.050654
-108.500000 0.076238
-107.500000 0.050470
-106.500000 0.025227
-105.500000 0.088361
-104.500000 0.025348
-103.500000 0.025416
-102.500000 0.038150
-101.500000 0.063150
-100.500000 0.075640
-99.500000 0.075657
-98.500000 0.025436
-97.500000 0.025503
-96.500000 0.050513
-95.500000 0.075984
-94.500000 0.063573
-93.500000 0.076220
-92.500000 0.063313
-91.500000 0.088851
-90.500000 0.050945
-89.500000 0.050588
-88.500000 0.100934
-87.500000 0.038240
-86.500000 0.037991
-85.500000 0.050644
-84.500000 0.050872
-83.500000 0.113922
-82.500000 0.075728
-81.500000 0.088681
-80.500000 0.050768
-79.500000 0.063435
-78.500000 0.088733
-77.500000 0.050594
-76.500000 0.076235
-75.500000 0.025222
-74.500000 0.012656
-73.500000 0.038090
-72.500000 0.038025
-71.500000 0.025245
-70.500000 0.051038
-69.500000 0.063105
-68.500000 0.075582
-67.500000 0.025229
-66.500000 0.038003
-65.500000 0.050830
-64.500000 0.038012
-63.500000 0.038138
-62.500000 0.062583
-61.500000 0.037679
-60.500000 0.075668
-59.500000 0.037764
-58.500000 0.038285
-57.500000 0.025359
-56.500000 0.075974
-55.500000 0.075804
-54.500000 0.050700
-53.500000 0.038220
-52.500000 0.025228
-51.500000 0.012666
-50.500000 0.050507
-49.500000 0.113477
-48.500000 0.038188
-47.500000 0.012756
-46.500000 0.050584
-45.500000 0.050603
-44.500000 0.076224
-43.500000 0.063361
-42.500000 0.025293
-41.500000 0.025326
-40.500000 0.038227
-39.500000 0.050604
-38.500000 0.063157
-37.500000 0.076351
-36.500000 0.025256
-35.500000 0.050574
-34.500000 0.038168
-33.500000 0.076229
-32.500000 0.012791
-31.500000 0.075844
-30.500000 0.062956
-29.500000 0.038017
-28.500000 0.050808
-27.500000 0.012693
-26.500000 0.000000
-25.500000 0.000000
-24.500000 0.000000
-23.500000 0.038104
-22.500000 0.038149
-21.500000 0.025179
-20.500000 0.000000
-19.500000 0.038110
-18.500000 0.012666
-17.500000 0.025145
-16.500000 0.025406
-15.500000 0.037992
-14.500000 0.050528
-13.500000 0.037885
-12.500000 0.037796
-11.500000 0.025394
-10.500000 0.050715
-9.500000 0.012658
-8.500000 0.063322
-7.500000 0.025550
-6.500000 0.075786
-5.500000 0.025411
-4.500000 0.037973
-3.500000 0.037812
-2.500000 0.050528
-1.500000 0.000000
-0.500000 0.000000
0.500000 0.063128
1.500000 1.000000
2.500000 0.495172
3.500000 0.177399
4.500000 0.063540
5.500000 0.050552
6.500000 0.050659
7.500000 0.101962
8.500000 0.101557
9.500000 0.038033
10.500000 0.063428
11.500000 0.063369
12.500000 0.038353
13.500000 0.025455
14.500000 0.063267
15.500000 0.050958
16.500000 0.025283
17.500000 0.025362
18.500000 0.063555
19.500000 0.012673
20.500000 0.000000
21.500000 0.037843
22.500000 0.012749
23.500000 0.038011
24.500000 0.012765
25.500000 0.063355
26.500000 0.088199
27.500000 0.089117
28.500000 0.000000
29.500000 0.063471
30.500000 0.037762
31.500000 0.012651
32.500000 0.025427
33.500000 0.038098
34.500000 0.012682
35.500000 0.075913
36.500000 0.037916
37.500000 0.025486
38.500000 0.037963
39.500000 0.025569
40.500000 0.025446
41.500000 0.025261
42.500000 0.025241
43.500000 0.037937
44.500000 0.050606
45.500000 0.050971
46.500000 0.038153
47.500000 0.012605
48.500000 0.000000
49.500000 0.012747
50.500000 0.050927
51.500000 0.000000
52.500000 0.000000
53.500000 0.025349
54.500000 0.050307
55.500000 0.037932
56.500000 0.088757
57.500000 0.037999
58.500000 0.062911
59.500000 0.012683
60.500000 0.037980
61.500000 0.050602
62.500000 0.025293
63.500000 0.037858
64.500000 0.050773
65.500000 0.012586
66.500000 0.025168
67.500000 0.025438
68.500000 0.063700
69.500000 0.127608
70.500000 0.025380
71.500000 0.050841
72.500000 0.025422
73.500000 0.050551
74.500000 0.075753
75.500000 0.075956
76.500000 0.075977
77.500000 0.063393
78.500000 0.063736
79.500000 0.050658
80.500000 0.037926
81.500000 0.050776
82.500000 0.050945
83.500000 0.063925
84.500000 0.075940
85.500000 0.037814
86.500000 0.088595
87.500000 0.050481
88.500000 0.025333
89.500000 0.063238
90.500000 0.089037
91.500000 0.063414
92.500000 0.075868
93.500000 0.063682
94.500000 0.050397
95.500000 0.063585
96.500000 0.100556
97.500000 0.025433
98.500000 0.076087
99.500000 0.089022
100.500000 0.075857
101.500000 0.063593
102.500000 0.037961
103.500000 0.114065
104.500000 0.063688
105.500000 0.089249
106.500000 0.063327
107.500000 0.025253
108.500000 0.025392
109.500000 0.038131
110.500000 0.088523
111.500000 0.114186
112.500000 0.139436
113.500000 0.101057
114.500000 0.063798
115.500000 0.101389
116.500000 0.087962
117.500000 0.075719
118.500000 0.075999
119.500000 0.063495
120.500000 0.075660
121.500000 0.025338
122.500000 0.038048
123.500000 0.075682
124.500000 0.050711
125.500000 0.063290
126.500000 0.113593
127.500000 0.050993
128.500000 0.089062
129.500000 0.075973
130.500000 0.063182
131.500000 0.075916
132.500000 0.050890
133.500000 0.152351
134.500000 0.037940
135.500000 0.050839
136.500000 0.063419
137.500000 0.063773
138.500000 0.025278
139.500000 0.063770
140.500000 0.025289
141.500000 0.025567
142.500000 0.113621
143.500000 0.101223
144.500000 0.050480
145.500000 0.063085
146.500000 0.076196
147.500000 0.088505
148.500000 0.076463
149.500000 0.037983
150.500000 0.100941
151.500000 0.075536
152.500000 0.050667
153.500000 0.050569
154.500000 0.038078
155.500000 0.138630
156.500000 0.101202
157.500000 0.050508
158.500000 0.101503
159.500000 0.037976
160.500000 0.050637
161.500000 0.025405
162.500000 0.102069
163.500000 0.076044
164.500000 0.088713
165.500000 0.101535
166.500000 0.063880
167.500000 0.050383
168.500000 0.063554
169.500000 0.038161
170.500000 0.139523
171.500000 0.127708
172.500000 0.113462
173.500000 0.050607
174.500000 0.050829
175.500000 0.075724
176.500000 0.101086
177.500000 0.063625
178.500000 0.179437
179.500000 0.038117
180.500000 0.126902
181.500000 0.190948
182.500000 0.088378
183.500000 0.075932
184.500000 0.152643
185.500000 0.063189
186.500000 0.050760
187.500000 0.088499
188.500000 0.088545
189.500000 0.050483
190.500000 0.063059
191.500000 0.088756
192.500000 0.114267
193.500000 0.050696
194.500000 0.101430
195.500000 0.076150
196.500000 0.063376
197.500000 0.038138
198.500000 0.076245
199.500000 0.101298
200.500000 0.076838
201.500000 0.038027
202.500000 0.050907
203.500000 0.063322
204.500000 0.114564
205.500000 0.114290
206.500000 0.100858
207.500000 0.063197
208.500000 0.063774
209.500000 0.113918
210.500000 0.063227
211.500000 0.076154
212.500000 0.127152
213.500000 0.140689
214.500000 0.025460
215.500000 0.076089
216.500000 0.063388
217.500000 0.038169
218.500000 0.088943
219.500000 0.076164
220.500000 0.038110
221.500000 0.076452
222.500000 0.038247
223.500000 0.063463
224.500000 0.076201
225.500000 0.063742
226.500000 0.050815
227.500000 0.000000
228.500000 0.000000
229.500000 0.050763
230.500000 0.114760
231.500000 0.038015
232.500000 0.063351
233.500000 0.063246
234.500000 0.088990
235.500000 0.050815
236.500000 0.139585
237.500000 0.025478
238.500000 0.076214
239.500000 0.050861
240.500000 0.038024
241.500000 0.051242
242.500000 0.101634
243.500000 0.050870
244.500000 0.038275
245.500000 0.076648
246.500000 0.025545
247.500000 0.088891
248.500000 0.012790
249.500000 0.051064
250.500000 0.051125
251.500000 0.051015
252.500000 0.050733
253.500000 0.050859
254.500000 0.076372
255.500000 0.038474
256.500000 0.063150
257.500000 0.050448
258.500000 0.025481
259.500000 0.050939
260.500000 0.114182
261.500000 0.063906
262.500000 0.038263
263.500000 0.063761
264.500000 0.064143
265.500000 0.038325
266.500000 0.051152
267.500000 0.050963
268.500000 0.012764
269.500000 0.102327
270.500000 0.089421
271.500000 0.000000
272.500000 0.076084
273.500000 0.050939
274.500000 0.126909
275.500000 0.038291
276.500000 0.012844
277.500000 0.051075
278.500000 0.051183
279.500000 0.050761
280.500000 0.025550
281.500000 0.063509
282.500000 0.038423
283.500000 0.075904
284.500000 0.025674
285.500000 0.051142
286.500000 0.063944
287.500000 0.038474
288.500000 0.025470
289.500000 0.051082
290.500000 0.025532
291.500000 0.089311
292.500000 0.051015
293.500000 0.012731
294.500000 0.012786
295.500000 0.012751
296.500000 0.012736
297.500000 0.050896
298.500000 0.038393
299.500000 0.038505
