# Left column = Time after Trigger in seconds & Right column = # Counts / Exposure = Flux per cm² s
0.000000 0.169537
1.000000 0.242114
2.000000 0.243409
3.000000 0.218594
4.000000 0.240341
5.000000 0.194034
6.000000 0.242924
7.000000 0.290761
8.000000 0.291160
9.000000 0.192849
10.000000 0.288676
11.000000 0.362692
12.000000 0.313353
13.000000 0.216917
14.000000 0.217232
15.000000 0.265527
16.000000 0.435341
17.000000 0.193314
18.000000 0.388792
19.000000 0.194623
20.000000 0.170509
21.000000 0.362915
22.000000 0.386011
23.000000 0.144597
24.000000 0.193118
25.000000 0.218265
26.000000 0.266224
27.000000 0.315115
28.000000 0.240853
29.000000 0.267833
30.000000 0.314675
31.000000 0.386187
32.000000 0.265733
33.000000 0.265771
34.000000 0.241722
35.000000 0.458035
36.000000 0.266014
37.000000 0.436304
38.000000 0.313775
39.000000 0.457128
40.000000 0.288947
41.000000 0.288861
42.000000 0.383704
43.000000 0.265311
44.000000 0.144239
45.000000 0.169545
46.000000 0.120824
47.000000 0.289809
48.000000 0.315426
49.000000 0.289001
50.000000 0.169056
51.000000 0.335384
52.000000 0.072558
53.000000 0.385576
54.000000 0.338053
55.000000 0.216579
56.000000 0.287414
57.000000 0.289961
58.000000 0.145833
59.000000 0.434318
60.000000 0.193003
61.000000 0.219011
62.000000 0.192288
63.000000 0.191229
64.000000 0.097046
65.000000 0.240423
66.000000 0.361471
67.000000 0.312653
68.000000 0.337608
69.000000 0.192528
70.000000 0.290041
71.000000 0.239588
72.000000 0.168552
73.000000 0.192102
74.000000 0.216314
75.000000 0.241402
76.000000 0.290159
77.000000 0.191955
78.000000 0.168802
79.000000 0.263523
80.000000 0.168667
81.000000 0.385916
82.000000 0.312404
83.000000 0.289490
84.000000 0.410553
85.000000 0.310545
86.000000 0.215610
87.000000 0.288216
88.000000 0.338072
89.000000 0.334902
90.000000 0.169014
91.000000 0.289398
92.000000 0.288519
93.000000 0.406045
94.000000 0.573646
95.000000 0.216866
96.000000 0.192886
97.000000 0.144349
98.000000 0.266249
99.000000 0.240335
100.000000 0.167926
101.000000 0.191553
102.000000 0.190868
103.000000 0.311076
104.000000 0.215060
105.000000 0.262310
106.000000 0.336496
107.000000 0.241200
108.000000 0.240189
109.000000 0.190835
110.000000 0.359347
111.000000 0.312544
112.000000 0.239492
113.000000 0.119327
114.000000 0.286371
115.000000 0.237759
116.000000 0.168122
117.000000 0.216631
118.000000 0.071936
119.000000 0.310753
120.000000 0.240321
121.000000 0.311551
122.000000 0.335365
123.000000 0.143736
124.000000 0.215569
125.000000 0.334404
126.000000 0.358798
127.000000 0.240114
128.000000 0.287910
129.000000 0.191336
130.000000 0.287881
131.000000 0.238585
132.000000 0.095741
133.000000 0.429053
134.000000 0.239928
135.000000 0.238266
136.000000 0.357722
137.000000 0.214636
138.000000 0.167459
139.000000 0.167389
140.000000 0.119525
141.000000 0.261973
142.000000 0.215442
143.000000 0.358532
144.000000 0.383106
145.000000 0.215160
146.000000 0.286368
147.000000 0.430320
148.000000 0.167531
149.000000 0.167602
150.000000 0.334605
151.000000 0.215046
152.000000 0.215982
153.000000 0.285710
154.000000 0.263773
155.000000 0.262268
156.000000 0.309576
157.000000 0.142675
158.000000 0.383140
159.000000 0.165757
160.000000 0.095547
161.000000 0.239108
162.000000 0.213434
163.000000 0.215733
164.000000 0.190365
165.000000 0.237419
166.000000 0.167584
167.000000 0.384084
168.000000 0.191205
169.000000 0.238185
170.000000 0.286109
171.000000 0.261325
172.000000 0.262488
173.000000 0.284715
174.000000 0.189477
175.000000 0.309962
176.000000 0.262630
177.000000 0.334819
178.000000 0.403673
179.000000 0.310200
180.000000 0.166613
181.000000 0.262707
182.000000 0.262704
183.000000 0.260770
184.000000 0.405227
185.000000 0.166688
186.000000 0.308702
187.000000 0.286209
188.000000 0.119422
189.000000 0.309312
190.000000 0.309151
191.000000 0.309781
192.000000 0.334299
193.000000 0.071057
194.000000 0.238996
195.000000 0.403660
196.000000 0.214704
197.000000 0.285825
198.000000 0.190258
199.000000 0.307859
200.000000 0.309834
201.000000 0.285397
202.000000 0.166361
203.000000 0.383976
204.000000 0.214100
205.000000 0.213293
206.000000 0.381216
207.000000 0.261752
208.000000 0.334136
209.000000 0.214600
210.000000 0.212985
211.000000 0.166387
212.000000 0.286285
213.000000 0.332005
214.000000 0.190071
215.000000 0.215030
216.000000 0.286662
217.000000 0.357975
218.000000 0.285792
219.000000 0.142234
220.000000 0.166249
221.000000 0.310266
222.000000 0.355819
223.000000 0.332780
224.000000 0.263144
225.000000 0.356075
226.000000 0.284387
227.000000 0.189563
228.000000 0.260880
229.000000 0.236799
230.000000 0.309024
231.000000 0.285553
232.000000 0.356431
233.000000 0.262589
234.000000 0.283740
235.000000 0.213071
236.000000 0.284702
237.000000 0.332718
238.000000 0.283670
239.000000 0.285971
240.000000 0.236701
241.000000 0.214068
242.000000 0.311193
243.000000 0.165877
244.000000 0.142634
245.000000 0.237259
246.000000 0.310326
247.000000 0.214460
248.000000 0.308953
249.000000 0.166385
250.000000 0.353670
251.000000 0.236636
252.000000 0.284082
253.000000 0.260115
254.000000 0.189928
255.000000 0.308496
256.000000 0.236026
257.000000 0.261237
258.000000 0.118604
259.000000 0.378884
260.000000 0.095011
261.000000 0.237902
262.000000 0.238978
263.000000 0.212791
264.000000 0.284602
265.000000 0.166413
266.000000 0.261776
267.000000 0.332156
268.000000 0.332658
269.000000 0.261538
270.000000 0.496503
271.000000 0.189020
272.000000 0.426362
273.000000 0.260010
274.000000 0.307098
275.000000 0.404783
276.000000 0.284863
277.000000 0.095155
278.000000 0.213339
279.000000 0.332320
280.000000 0.236655
281.000000 0.308723
282.000000 0.117590
283.000000 0.213463
284.000000 0.307547
285.000000 0.238590
286.000000 0.142390
287.000000 0.307093
288.000000 0.284305
289.000000 0.142360
290.000000 0.236490
291.000000 0.165785
292.000000 0.191017
293.000000 0.189456
294.000000 0.141810
295.000000 0.236810
296.000000 0.235106
297.000000 0.212741
298.000000 0.282847
299.000000 0.284068
300.000000 0.285680
301.000000 0.284401
302.000000 0.829986
303.000000 1.000000
304.000000 0.521965
305.000000 0.446881
306.000000 0.354636
307.000000 0.259409
308.000000 0.331647
309.000000 0.307122
310.000000 0.284523
311.000000 0.260234
312.000000 0.235945
313.000000 0.305418
314.000000 0.236122
315.000000 0.212441
316.000000 0.261468
317.000000 0.262085
318.000000 0.259488
319.000000 0.259668
320.000000 0.236205
321.000000 0.189506
322.000000 0.236269
323.000000 0.307106
324.000000 0.213026
325.000000 0.188889
326.000000 0.117330
327.000000 0.211792
328.000000 0.141716
329.000000 0.282881
330.000000 0.164763
331.000000 0.378394
332.000000 0.400424
333.000000 0.142277
334.000000 0.118225
335.000000 0.142456
336.000000 0.308163
337.000000 0.259844
338.000000 0.307422
339.000000 0.212968
340.000000 0.284107
341.000000 0.284015
342.000000 0.141534
343.000000 0.236977
344.000000 0.117907
345.000000 0.212484
346.000000 0.212318
347.000000 0.235346
348.000000 0.211594
349.000000 0.281668
350.000000 0.213104
351.000000 0.165390
352.000000 0.047324
353.000000 0.189361
354.000000 0.211552
355.000000 0.165334
356.000000 0.212139
357.000000 0.236310
358.000000 0.259210
359.000000 0.379415
360.000000 0.165122
361.000000 0.141548
362.000000 0.141092
363.000000 0.308703
364.000000 0.188516
365.000000 0.187950
366.000000 0.118516
367.000000 0.259186
368.000000 0.235698
369.000000 0.190033
370.000000 0.259585
371.000000 0.211165
372.000000 0.118214
373.000000 0.259635
374.000000 0.306711
375.000000 0.258838
376.000000 0.164696
377.000000 0.190182
378.000000 0.166403
379.000000 0.141686
380.000000 0.235761
381.000000 0.258458
382.000000 0.211901
383.000000 0.259110
384.000000 0.210843
385.000000 0.352867
386.000000 0.212170
387.000000 0.330131
388.000000 0.330355
389.000000 0.234878
390.000000 0.164628
391.000000 0.164546
392.000000 0.283974
393.000000 0.236709
394.000000 0.283167
395.000000 0.282423
396.000000 0.189588
397.000000 0.187692
398.000000 0.235074
399.000000 0.188903
400.000000 0.236759
401.000000 0.305223
402.000000 0.165016
403.000000 0.328812
404.000000 0.188087
405.000000 0.379194
406.000000 0.187239
407.000000 0.234769
408.000000 0.188073
409.000000 0.236888
410.000000 0.188415
411.000000 0.140942
412.000000 0.212926
413.000000 0.165051
414.000000 0.306182
415.000000 0.212724
416.000000 0.163650
417.000000 0.235741
418.000000 0.211047
419.000000 0.234255
420.000000 0.212952
421.000000 0.187730
422.000000 0.308023
423.000000 0.211595
424.000000 0.235887
425.000000 0.188650
426.000000 0.164206
427.000000 0.422960
428.000000 0.211792
429.000000 0.257903
430.000000 0.234823
431.000000 0.306161
432.000000 0.211147
433.000000 0.304533
434.000000 0.164744
435.000000 0.210535
436.000000 0.283049
437.000000 0.210927
438.000000 0.469651
439.000000 0.164717
440.000000 0.281772
441.000000 0.188895
442.000000 0.236142
443.000000 0.352080
444.000000 0.117736
445.000000 0.164465
446.000000 0.188648
447.000000 0.234469
448.000000 0.164965
449.000000 0.234374
450.000000 0.117809
451.000000 0.187561
452.000000 0.164190
453.000000 0.189696
454.000000 0.187693
455.000000 0.423572
456.000000 0.307383
457.000000 0.211009
458.000000 0.211894
459.000000 0.330091
460.000000 0.260056
461.000000 0.164714
462.000000 0.117636
463.000000 0.212437
464.000000 0.211953
465.000000 0.212198
466.000000 0.282050
467.000000 0.212218
468.000000 0.117629
469.000000 0.283590
470.000000 0.189695
471.000000 0.165688
472.000000 0.329407
473.000000 0.282140
474.000000 0.351945
475.000000 0.236740
476.000000 0.211761
477.000000 0.141688
478.000000 0.094326
479.000000 0.188177
480.000000 0.305777
481.000000 0.187403
482.000000 0.331420
483.000000 0.259349
484.000000 0.211665
485.000000 0.141273
486.000000 0.351605
487.000000 0.165980
488.000000 0.188908
489.000000 0.118406
490.000000 0.188912
491.000000 0.282977
492.000000 0.282530
493.000000 0.117611
494.000000 0.213080
495.000000 0.118117
496.000000 0.047114
497.000000 0.187260
498.000000 0.142382
499.000000 0.261381
500.000000 0.399057
501.000000 0.095139
502.000000 0.284419
503.000000 0.142256
504.000000 0.071042
505.000000 0.094298
506.000000 0.117415
507.000000 0.259449
508.000000 0.283618
509.000000 0.235506
510.000000 0.238138
511.000000 0.405195
512.000000 0.306417
513.000000 0.165871
514.000000 0.236925
515.000000 0.355346
516.000000 0.237262
517.000000 0.261205
518.000000 0.282812
519.000000 0.331743
520.000000 0.189760
521.000000 0.212954
522.000000 0.141364
523.000000 0.164833
524.000000 0.190057
525.000000 0.332240
526.000000 0.118724
527.000000 0.212320
528.000000 0.356261
529.000000 0.212378
530.000000 0.308076
531.000000 0.260321
532.000000 0.236866
533.000000 0.189742
534.000000 0.308737
535.000000 0.189054
536.000000 0.118690
537.000000 0.235040
538.000000 0.306688
539.000000 0.142134
540.000000 0.213340
541.000000 0.283467
542.000000 0.118563
543.000000 0.258941
544.000000 0.212694
545.000000 0.117717
546.000000 0.188823
547.000000 0.141701
548.000000 0.094306
549.000000 0.189151
550.000000 0.211452
551.000000 0.212021
552.000000 0.258130
553.000000 0.118053
554.000000 0.259662
555.000000 0.283684
556.000000 0.285731
557.000000 0.117757
558.000000 0.260255
559.000000 0.212437
560.000000 0.234863
561.000000 0.237555
562.000000 0.118753
563.000000 0.141329
564.000000 0.117781
565.000000 0.164800
566.000000 0.142043
567.000000 0.213433
568.000000 0.070762
569.000000 0.212891
570.000000 0.164581
571.000000 0.211376
572.000000 0.188653
573.000000 0.142382
574.000000 0.236995
575.000000 0.213963
576.000000 0.283930
577.000000 0.259540
578.000000 0.070963
579.000000 0.332082
580.000000 0.212622
581.000000 0.118441
582.000000 0.236232
583.000000 0.188175
584.000000 0.306339
585.000000 0.330825
586.000000 0.260551
587.000000 0.119305
588.000000 0.261038
589.000000 0.190059
590.000000 0.353761
591.000000 0.260238
592.000000 0.213055
593.000000 0.212323
594.000000 0.237732
595.000000 0.236878
596.000000 0.260428
597.000000 0.189004
598.000000 0.376334
599.000000 0.330604
