# Left column = Time after Trigger in seconds & Right column = # Counts / Exposure = Flux per cm² s
-299.500000 0.021530
-298.500000 0.004301
-297.500000 0.008626
-296.500000 0.008550
-295.500000 0.017124
-294.500000 0.017121
-293.500000 0.029947
-292.500000 0.021596
-291.500000 0.017224
-290.500000 0.012967
-289.500000 0.026020
-288.500000 0.034359
-287.500000 0.012839
-286.500000 0.017140
-285.500000 0.017043
-284.500000 0.025918
-283.500000 0.012891
-282.500000 0.021690
-281.500000 0.025779
-280.500000 0.021522
-279.500000 0.012878
-278.500000 0.029942
-277.500000 0.025751
-276.500000 0.029932
-275.500000 0.004279
-274.500000 0.008584
-273.500000 0.012922
-272.500000 0.017315
-271.500000 0.012914
-270.500000 0.017115
-269.500000 0.012893
-268.500000 0.004322
-267.500000 0.017099
-266.500000 0.017169
-265.500000 0.017196
-264.500000 0.012926
-263.500000 0.012996
-262.500000 0.017088
-261.500000 0.008593
-260.500000 0.034194
-259.500000 0.025669
-258.500000 0.008606
-257.500000 0.017195
-256.500000 0.008611
-255.500000 0.030167
-254.500000 0.004295
-253.500000 0.021465
-252.500000 0.004285
-251.500000 0.025708
-250.500000 0.030087
-249.500000 0.017121
-248.500000 0.021323
-247.500000 0.021368
-246.500000 0.029970
-245.500000 0.012850
-244.500000 0.030016
-243.500000 0.012890
-242.500000 0.030195
-241.500000 0.012877
-240.500000 0.012888
-239.500000 0.017219
-238.500000 0.017236
-237.500000 0.021319
-236.500000 0.017189
-235.500000 0.004262
-234.500000 0.012826
-233.500000 0.021545
-232.500000 0.021494
-231.500000 0.012945
-230.500000 0.025845
-229.500000 0.012857
-228.500000 0.004325
-227.500000 0.021504
-226.500000 0.008607
-225.500000 0.004262
-224.500000 0.012896
-223.500000 0.021373
-222.500000 0.034609
-221.500000 0.017316
-220.500000 0.012871
-219.500000 0.012906
-218.500000 0.008546
-217.500000 0.017150
-216.500000 0.012858
-215.500000 0.021321
-214.500000 0.021453
-213.500000 0.012915
-212.500000 0.021526
-211.500000 0.025582
-210.500000 0.034271
-209.500000 0.017132
-208.500000 0.029888
-207.500000 0.025710
-206.500000 0.025695
-205.500000 0.012917
-204.500000 0.004294
-203.500000 0.017177
-202.500000 0.008558
-201.500000 0.025660
-200.500000 0.030032
-199.500000 0.008600
-198.500000 0.029947
-197.500000 0.017162
-196.500000 0.029926
-195.500000 0.034426
-194.500000 0.030090
-193.500000 0.008640
-192.500000 0.000000
-191.500000 0.021429
-190.500000 0.030090
-189.500000 0.008585
-188.500000 0.017114
-187.500000 0.025764
-186.500000 0.021451
-185.500000 0.017250
-184.500000 0.025660
-183.500000 0.012769
-182.500000 0.021440
-181.500000 0.017071
-180.500000 0.017113
-179.500000 0.004286
-178.500000 0.012794
-177.500000 0.021431
-176.500000 0.042672
-175.500000 0.021477
-174.500000 0.025790
-173.500000 0.021469
-172.500000 0.025834
-171.500000 0.038385
-170.500000 0.012803
-169.500000 0.012879
-168.500000 0.008561
-167.500000 0.008598
-166.500000 0.012919
-165.500000 0.021572
-164.500000 0.021567
-163.500000 0.012897
-162.500000 0.021355
-161.500000 0.012880
-160.500000 0.021284
-159.500000 0.025619
-158.500000 0.008539
-157.500000 0.008595
-156.500000 0.017168
-155.500000 0.021461
-154.500000 0.042778
-153.500000 0.012851
-152.500000 0.017194
-151.500000 0.025758
-150.500000 0.021424
-149.500000 0.025640
-148.500000 0.017286
-147.500000 0.034145
-146.500000 0.025848
-145.500000 0.034255
-144.500000 0.012837
-143.500000 0.004314
-142.500000 0.017060
-141.500000 0.017246
-140.500000 0.012844
-139.500000 0.021349
-138.500000 0.021165
-137.500000 0.004297
-136.500000 0.012915
-135.500000 0.021394
-134.500000 0.017062
-133.500000 0.021536
-132.500000 0.012761
-131.500000 0.017071
-130.500000 0.029967
-129.500000 0.017167
-128.500000 0.004258
-127.500000 0.034289
-126.500000 0.017166
-125.500000 0.029904
-124.500000 0.021556
-123.500000 0.025313
-122.500000 0.051399
-121.500000 0.012822
-120.500000 0.021454
-119.500000 0.012839
-118.500000 0.012815
-117.500000 0.008600
-116.500000 0.021531
-115.500000 0.021525
-114.500000 0.008522
-113.500000 0.025583
-112.500000 0.034212
-111.500000 0.004279
-110.500000 0.000000
-109.500000 0.012824
-108.500000 0.017182
-107.500000 0.017205
-106.500000 0.004268
-105.500000 0.021487
-104.500000 0.030128
-103.500000 0.021245
-102.500000 0.017137
-101.500000 0.025942
-100.500000 0.029981
-99.500000 0.012835
-98.500000 0.008631
-97.500000 0.017104
-96.500000 0.012819
-95.500000 0.025534
-94.500000 0.017090
-93.500000 0.008584
-92.500000 0.021320
-91.500000 0.012813
-90.500000 0.012783
-89.500000 0.034311
-88.500000 0.012761
-87.500000 0.021397
-86.500000 0.029881
-85.500000 0.021386
-84.500000 0.004255
-83.500000 0.017214
-82.500000 0.012770
-81.500000 0.021393
-80.500000 0.017217
-79.500000 0.025651
-78.500000 0.012744
-77.500000 0.017096
-76.500000 0.021459
-75.500000 0.025570
-74.500000 0.008567
-73.500000 0.012882
-72.500000 0.008569
-71.500000 0.008524
-70.500000 0.021288
-69.500000 0.021334
-68.500000 0.012786
-67.500000 0.017155
-66.500000 0.021328
-65.500000 0.025680
-64.500000 0.012790
-63.500000 0.017126
-62.500000 0.025703
-61.500000 0.038279
-60.500000 0.004279
-59.500000 0.021433
-58.500000 0.025599
-57.500000 0.004282
-56.500000 0.055592
-55.500000 0.021347
-54.500000 0.029965
-53.500000 0.012875
-52.500000 0.017074
-51.500000 0.012794
-50.500000 0.017148
-49.500000 0.012787
-48.500000 0.008507
-47.500000 0.038618
-46.500000 0.030059
-45.500000 0.017113
-44.500000 0.008558
-43.500000 0.021427
-42.500000 0.012861
-41.500000 0.017156
-40.500000 0.012836
-39.500000 0.034252
-38.500000 0.029848
-37.500000 0.004290
-36.500000 0.021352
-35.500000 0.004302
-34.500000 0.021386
-33.500000 0.008539
-32.500000 0.012782
-31.500000 0.012824
-30.500000 0.012771
-29.500000 0.012888
-28.500000 0.029974
-27.500000 0.017065
-26.500000 0.034131
-25.500000 0.029781
-24.500000 0.029891
-23.500000 0.025743
-22.500000 0.038422
-21.500000 0.008536
-20.500000 0.021312
-19.500000 0.017003
-18.500000 0.021322
-17.500000 0.008573
-16.500000 0.012801
-15.500000 0.012792
-14.500000 0.029985
-13.500000 0.008513
-12.500000 0.034091
-11.500000 0.021273
-10.500000 0.017169
-9.500000 0.017038
-8.500000 0.025602
-7.500000 0.004249
-6.500000 0.008615
-5.500000 0.025724
-4.500000 0.008529
-3.500000 0.021414
-2.500000 0.021276
-1.500000 0.021356
-0.500000 0.021364
0.500000 0.038198
1.500000 0.064326
2.500000 0.064244
3.500000 0.126411
4.500000 0.639819
5.500000 1.000000
6.500000 0.593464
7.500000 0.275609
8.500000 0.227218
9.500000 0.188853
10.500000 0.149896
11.500000 0.153473
12.500000 0.150196
13.500000 0.128550
14.500000 0.128313
15.500000 0.137566
16.500000 0.153762
17.500000 0.166749
18.500000 0.098079
19.500000 0.090423
20.500000 0.085248
21.500000 0.081364
22.500000 0.294654
23.500000 0.103239
24.500000 0.099193
25.500000 0.110766
26.500000 0.081350
27.500000 0.072284
28.500000 0.042572
29.500000 0.110526
30.500000 0.089603
31.500000 0.029938
32.500000 0.055653
33.500000 0.063885
34.500000 0.055629
35.500000 0.094208
36.500000 0.115558
37.500000 0.072675
38.500000 0.042717
39.500000 0.047157
40.500000 0.038485
41.500000 0.107338
42.500000 0.111484
43.500000 0.110875
44.500000 0.038668
45.500000 0.102537
46.500000 0.064499
47.500000 0.029842
48.500000 0.029849
49.500000 0.034432
50.500000 0.029789
51.500000 0.029747
52.500000 0.038537
53.500000 0.072519
54.500000 0.047081
55.500000 0.038420
56.500000 0.038664
57.500000 0.025483
58.500000 0.059832
59.500000 0.042562
60.500000 0.034144
61.500000 0.038255
62.500000 0.034120
63.500000 0.017191
64.500000 0.034164
65.500000 0.051150
66.500000 0.038362
67.500000 0.043043
68.500000 0.034102
69.500000 0.034028
70.500000 0.042816
71.500000 0.025709
72.500000 0.042659
73.500000 0.025646
74.500000 0.046826
75.500000 0.034095
76.500000 0.029965
77.500000 0.042585
78.500000 0.042751
79.500000 0.033952
80.500000 0.034011
81.500000 0.017008
82.500000 0.055304
83.500000 0.021304
84.500000 0.029713
85.500000 0.021367
86.500000 0.030056
87.500000 0.038602
88.500000 0.042545
89.500000 0.033965
90.500000 0.029918
91.500000 0.034288
92.500000 0.038647
93.500000 0.025668
94.500000 0.012750
95.500000 0.021216
96.500000 0.025725
97.500000 0.034213
98.500000 0.025816
99.500000 0.034139
100.500000 0.034087
101.500000 0.034066
102.500000 0.025805
103.500000 0.025514
104.500000 0.029984
105.500000 0.034178
106.500000 0.021295
107.500000 0.038515
108.500000 0.017107
109.500000 0.025496
110.500000 0.029938
111.500000 0.034223
112.500000 0.021371
113.500000 0.034101
114.500000 0.017164
115.500000 0.012850
116.500000 0.042706
117.500000 0.034320
118.500000 0.051114
119.500000 0.042676
120.500000 0.021422
121.500000 0.038580
122.500000 0.033850
123.500000 0.038626
124.500000 0.038620
125.500000 0.012750
126.500000 0.017029
127.500000 0.017077
128.500000 0.029992
129.500000 0.030162
130.500000 0.034087
131.500000 0.029817
132.500000 0.017099
133.500000 0.021337
134.500000 0.046972
135.500000 0.021351
136.500000 0.017066
137.500000 0.029930
138.500000 0.012838
139.500000 0.034151
140.500000 0.046812
141.500000 0.034215
142.500000 0.012854
143.500000 0.046906
144.500000 0.021365
145.500000 0.021288
146.500000 0.012814
147.500000 0.008565
148.500000 0.025500
149.500000 0.012700
150.500000 0.038484
151.500000 0.021336
152.500000 0.038271
153.500000 0.025432
154.500000 0.021412
155.500000 0.034131
156.500000 0.025632
157.500000 0.012796
158.500000 0.012801
159.500000 0.017117
160.500000 0.025563
161.500000 0.021358
162.500000 0.021275
163.500000 0.038433
164.500000 0.042713
165.500000 0.029886
166.500000 0.021372
167.500000 0.021360
168.500000 0.017090
169.500000 0.012826
170.500000 0.029936
171.500000 0.012910
172.500000 0.029842
173.500000 0.012841
174.500000 0.025576
175.500000 0.017015
176.500000 0.038719
177.500000 0.017070
178.500000 0.008553
179.500000 0.017152
180.500000 0.012754
181.500000 0.034040
182.500000 0.025551
183.500000 0.029694
184.500000 0.025711
185.500000 0.025574
186.500000 0.017128
187.500000 0.038486
188.500000 0.017073
189.500000 0.021403
190.500000 0.017088
191.500000 0.025644
192.500000 0.021376
193.500000 0.051526
194.500000 0.017067
195.500000 0.025654
196.500000 0.034262
197.500000 0.034214
198.500000 0.029911
199.500000 0.034173
200.500000 0.012722
201.500000 0.021314
202.500000 0.029770
203.500000 0.029789
204.500000 0.029880
205.500000 0.012798
206.500000 0.017029
207.500000 0.029958
208.500000 0.034175
209.500000 0.021329
210.500000 0.025447
211.500000 0.030118
212.500000 0.025638
213.500000 0.025622
214.500000 0.021403
215.500000 0.042836
216.500000 0.017008
217.500000 0.046743
218.500000 0.038190
219.500000 0.025763
220.500000 0.017138
221.500000 0.021385
222.500000 0.021259
223.500000 0.017054
224.500000 0.029776
225.500000 0.025669
226.500000 0.012828
227.500000 0.017061
228.500000 0.017028
229.500000 0.025582
230.500000 0.034007
231.500000 0.025601
232.500000 0.017069
233.500000 0.034042
234.500000 0.021200
235.500000 0.008448
236.500000 0.012811
237.500000 0.025579
238.500000 0.029984
239.500000 0.025709
240.500000 0.034319
241.500000 0.038346
242.500000 0.055587
243.500000 0.029928
244.500000 0.021388
245.500000 0.017031
246.500000 0.025597
247.500000 0.012709
248.500000 0.021294
249.500000 0.012746
250.500000 0.004289
251.500000 0.021259
252.500000 0.038401
253.500000 0.029975
254.500000 0.021255
255.500000 0.038503
256.500000 0.038586
257.500000 0.029768
258.500000 0.025684
259.500000 0.012834
260.500000 0.017078
261.500000 0.025800
262.500000 0.021207
263.500000 0.042842
264.500000 0.034004
265.500000 0.029929
266.500000 0.012874
267.500000 0.008514
268.500000 0.021293
269.500000 0.029901
270.500000 0.025559
271.500000 0.021496
272.500000 0.008537
273.500000 0.017029
274.500000 0.034270
275.500000 0.047068
276.500000 0.025737
277.500000 0.034166
278.500000 0.017063
279.500000 0.025720
280.500000 0.025762
281.500000 0.012808
282.500000 0.029902
283.500000 0.029808
284.500000 0.017037
285.500000 0.012833
286.500000 0.025884
287.500000 0.030020
288.500000 0.017184
289.500000 0.021439
290.500000 0.021401
291.500000 0.025593
292.500000 0.025675
293.500000 0.025489
294.500000 0.008613
295.500000 0.012833
296.500000 0.030100
297.500000 0.029679
298.500000 0.025650
299.500000 0.017244
