# Left column = Time after Trigger in seconds & Right column = # Counts / Exposure = Flux per cm² s
-299.500000 0.117061
-298.500000 0.117799
-297.500000 0.078731
-296.500000 0.130527
-295.500000 0.091515
-294.500000 0.052015
-293.500000 0.104563
-292.500000 0.156069
-291.500000 0.129922
-290.500000 0.090985
-289.500000 0.078269
-288.500000 0.091430
-287.500000 0.145112
-286.500000 0.222771
-285.500000 0.207264
-284.500000 0.156428
-283.500000 0.195500
-282.500000 0.117524
-281.500000 0.210048
-280.500000 0.142491
-279.500000 0.130096
-278.500000 0.104560
-277.500000 0.078347
-276.500000 0.196133
-275.500000 0.078556
-274.500000 0.182376
-273.500000 0.078290
-272.500000 0.091704
-271.500000 0.065467
-270.500000 0.197063
-269.500000 0.026117
-268.500000 0.130456
-267.500000 0.130182
-266.500000 0.194059
-265.500000 0.117834
-264.500000 0.196583
-263.500000 0.143866
-262.500000 0.130321
-261.500000 0.065487
-260.500000 0.144286
-259.500000 0.078291
-258.500000 0.091732
-257.500000 0.117428
-256.500000 0.130595
-255.500000 0.143011
-254.500000 0.118333
-253.500000 0.183179
-252.500000 0.130361
-251.500000 0.091529
-250.500000 0.103314
-249.500000 0.117610
-248.500000 0.116749
-247.500000 0.157028
-246.500000 0.195050
-245.500000 0.104603
-244.500000 0.130518
-243.500000 0.183832
-242.500000 0.064759
-241.500000 0.169863
-240.500000 0.065287
-239.500000 0.247584
-238.500000 0.222648
-237.500000 0.117593
-236.500000 0.130632
-235.500000 0.117539
-234.500000 0.222443
-233.500000 0.078191
-232.500000 0.143689
-231.500000 0.157094
-230.500000 0.274186
-229.500000 0.117775
-228.500000 0.104407
-227.500000 0.169010
-226.500000 0.130050
-225.500000 0.195676
-224.500000 0.091875
-223.500000 0.104265
-222.500000 0.222280
-221.500000 0.131208
-220.500000 0.104085
-219.500000 0.132036
-218.500000 0.077983
-217.500000 0.104556
-216.500000 0.131200
-215.500000 0.156539
-214.500000 0.171202
-213.500000 0.220890
-212.500000 0.196573
-211.500000 0.208829
-210.500000 0.051910
-209.500000 0.169709
-208.500000 0.130774
-207.500000 0.104816
-206.500000 0.157383
-205.500000 0.103941
-204.500000 0.170047
-203.500000 0.170949
-202.500000 0.158281
-201.500000 0.196328
-200.500000 0.051941
-199.500000 0.157307
-198.500000 0.197052
-197.500000 0.183278
-196.500000 0.117898
-195.500000 0.130424
-194.500000 0.131582
-193.500000 0.091223
-192.500000 0.104355
-191.500000 0.131300
-190.500000 0.118413
-189.500000 0.158497
-188.500000 0.104353
-187.500000 0.078806
-186.500000 0.170772
-185.500000 0.157412
-184.500000 0.143936
-183.500000 0.158931
-182.500000 0.091229
-181.500000 0.104938
-180.500000 0.156128
-179.500000 0.156676
-178.500000 0.143918
-177.500000 0.079070
-176.500000 0.117463
-175.500000 0.091576
-174.500000 0.196498
-173.500000 0.091840
-172.500000 0.077884
-171.500000 0.130754
-170.500000 0.117960
-169.500000 0.171101
-168.500000 0.104999
-167.500000 0.092139
-166.500000 0.130717
-165.500000 0.105265
-164.500000 0.143366
-163.500000 0.183984
-162.500000 0.104380
-161.500000 0.144306
-160.500000 0.144444
-159.500000 0.169807
-158.500000 0.301828
-157.500000 0.181910
-156.500000 0.170189
-155.500000 0.144642
-154.500000 0.091455
-153.500000 0.158168
-152.500000 0.158247
-151.500000 0.104838
-150.500000 0.105247
-149.500000 0.104591
-148.500000 0.207882
-147.500000 0.079030
-146.500000 0.092105
-145.500000 0.104660
-144.500000 0.105200
-143.500000 0.078664
-142.500000 0.104858
-141.500000 0.157184
-140.500000 0.131641
-139.500000 0.130082
-138.500000 0.118338
-137.500000 0.091885
-136.500000 0.143339
-135.500000 0.157541
-134.500000 0.143714
-133.500000 0.131668
-132.500000 0.157951
-131.500000 0.143088
-130.500000 0.065378
-129.500000 0.261909
-128.500000 0.183185
-127.500000 0.182295
-126.500000 0.052554
-125.500000 0.104744
-124.500000 0.182947
-123.500000 0.026365
-122.500000 0.131225
-121.500000 0.144767
-120.500000 0.143904
-119.500000 0.118347
-118.500000 0.117841
-117.500000 0.091631
-116.500000 0.182309
-115.500000 0.143281
-114.500000 0.117260
-113.500000 0.197407
-112.500000 0.104738
-111.500000 0.104836
-110.500000 0.116737
-109.500000 0.078363
-108.500000 0.117301
-107.500000 0.091989
-106.500000 0.065704
-105.500000 0.273149
-104.500000 0.158010
-103.500000 0.091700
-102.500000 0.156074
-101.500000 0.131309
-100.500000 0.092172
-99.500000 0.104043
-98.500000 0.171139
-97.500000 0.170770
-96.500000 0.144472
-95.500000 0.104960
-94.500000 0.078399
-93.500000 0.118295
-92.500000 0.106364
-91.500000 0.196256
-90.500000 0.222725
-89.500000 0.156300
-88.500000 0.157735
-87.500000 0.157768
-86.500000 0.198298
-85.500000 0.143755
-84.500000 0.117180
-83.500000 0.170956
-82.500000 0.118453
-81.500000 0.144642
-80.500000 0.223334
-79.500000 0.118267
-78.500000 0.209270
-77.500000 0.157202
-76.500000 0.197787
-75.500000 0.157267
-74.500000 0.196498
-73.500000 0.170037
-72.500000 0.131093
-71.500000 0.116970
-70.500000 0.170615
-69.500000 0.104803
-68.500000 0.170012
-67.500000 0.144667
-66.500000 0.157438
-65.500000 0.169928
-64.500000 0.209557
-63.500000 0.105000
-62.500000 0.143097
-61.500000 0.197162
-60.500000 0.143437
-59.500000 0.157711
-58.500000 0.171827
-57.500000 0.131258
-56.500000 0.144619
-55.500000 0.157904
-54.500000 0.169675
-53.500000 0.104252
-52.500000 0.171306
-51.500000 0.223030
-50.500000 0.156945
-49.500000 0.144110
-48.500000 0.117935
-47.500000 0.104610
-46.500000 0.171609
-45.500000 0.078513
-44.500000 0.117362
-43.500000 0.118334
-42.500000 0.052531
-41.500000 0.184394
-40.500000 0.105378
-39.500000 0.143907
-38.500000 0.105148
-37.500000 0.117265
-36.500000 0.105713
-35.500000 0.131835
-34.500000 0.145024
-33.500000 0.091926
-32.500000 0.092032
-31.500000 0.103927
-30.500000 0.157164
-29.500000 0.130544
-28.500000 0.144113
-27.500000 0.065500
-26.500000 0.184134
-25.500000 0.130991
-24.500000 0.079000
-23.500000 0.182219
-22.500000 0.144390
-21.500000 0.052298
-20.500000 0.104578
-19.500000 0.196020
-18.500000 0.105350
-17.500000 0.131796
-16.500000 0.131026
-15.500000 0.131670
-14.500000 0.223381
-13.500000 0.092559
-12.500000 0.144327
-11.500000 0.078818
-10.500000 0.117406
-9.500000 0.170152
-8.500000 0.104976
-7.500000 0.183032
-6.500000 0.223808
-5.500000 0.156895
-4.500000 0.196784
-3.500000 0.158175
-2.500000 0.157850
-1.500000 0.301099
-0.500000 0.782118
0.500000 1.000000
1.500000 0.907962
2.500000 0.686515
3.500000 0.550636
4.500000 0.340541
5.500000 0.352848
6.500000 0.381970
7.500000 0.353155
8.500000 0.382523
9.500000 0.262748
10.500000 0.197382
11.500000 0.289206
12.500000 0.315851
13.500000 0.235251
14.500000 0.352819
15.500000 0.264103
16.500000 0.196035
17.500000 0.169529
18.500000 0.144469
19.500000 0.183613
20.500000 0.198257
21.500000 0.105021
22.500000 0.169875
23.500000 0.249575
24.500000 0.144004
25.500000 0.183697
26.500000 0.171460
27.500000 0.183371
28.500000 0.169852
29.500000 0.171981
30.500000 0.181981
31.500000 0.130998
32.500000 0.168497
33.500000 0.078721
34.500000 0.105005
35.500000 0.170909
36.500000 0.262032
37.500000 0.131551
38.500000 0.144707
39.500000 0.131263
40.500000 0.105239
41.500000 0.118564
42.500000 0.131708
43.500000 0.156032
44.500000 0.119457
45.500000 0.184434
46.500000 0.131651
47.500000 0.131007
48.500000 0.117910
49.500000 0.078291
50.500000 0.183910
51.500000 0.078565
52.500000 0.170773
53.500000 0.065628
54.500000 0.248504
55.500000 0.131128
56.500000 0.196688
57.500000 0.169695
58.500000 0.196633
59.500000 0.090940
60.500000 0.144071
61.500000 0.196482
62.500000 0.118468
63.500000 0.212106
64.500000 0.222572
65.500000 0.184135
66.500000 0.170370
67.500000 0.065905
68.500000 0.143606
69.500000 0.131089
70.500000 0.090966
71.500000 0.170055
72.500000 0.132389
73.500000 0.157506
74.500000 0.104880
75.500000 0.144464
76.500000 0.105001
77.500000 0.184671
78.500000 0.182711
79.500000 0.144518
80.500000 0.144208
81.500000 0.234713
82.500000 0.143174
83.500000 0.091960
84.500000 0.091457
85.500000 0.158335
86.500000 0.104353
87.500000 0.157079
88.500000 0.117926
89.500000 0.184036
90.500000 0.183422
91.500000 0.144362
92.500000 0.170701
93.500000 0.186055
94.500000 0.104719
95.500000 0.196452
96.500000 0.143449
97.500000 0.104754
98.500000 0.104559
99.500000 0.249245
100.500000 0.170833
101.500000 0.131934
102.500000 0.198417
103.500000 0.078676
104.500000 0.129406
105.500000 0.144498
106.500000 0.118990
107.500000 0.104889
108.500000 0.184370
109.500000 0.183766
110.500000 0.183342
111.500000 0.195190
112.500000 0.223392
113.500000 0.118709
114.500000 0.118246
115.500000 0.237446
116.500000 0.170758
117.500000 0.158739
118.500000 0.091938
119.500000 0.130668
120.500000 0.183557
121.500000 0.143759
122.500000 0.118005
123.500000 0.118007
124.500000 0.105195
125.500000 0.170246
126.500000 0.209235
127.500000 0.092081
128.500000 0.157351
129.500000 0.118528
130.500000 0.222405
131.500000 0.144674
132.500000 0.105049
133.500000 0.118895
134.500000 0.183776
135.500000 0.130716
136.500000 0.182242
137.500000 0.130636
138.500000 0.144663
139.500000 0.183945
140.500000 0.156830
141.500000 0.143357
142.500000 0.236610
143.500000 0.079129
144.500000 0.105235
145.500000 0.145343
146.500000 0.170470
147.500000 0.170375
148.500000 0.118798
149.500000 0.157940
150.500000 0.052650
151.500000 0.250905
152.500000 0.078691
153.500000 0.156805
154.500000 0.169054
155.500000 0.130647
156.500000 0.224220
157.500000 0.065781
158.500000 0.091452
159.500000 0.144035
160.500000 0.236518
161.500000 0.143756
162.500000 0.143354
163.500000 0.078514
164.500000 0.169728
165.500000 0.183814
166.500000 0.144404
167.500000 0.276132
168.500000 0.117383
169.500000 0.118088
170.500000 0.104880
171.500000 0.105007
172.500000 0.144266
173.500000 0.171377
174.500000 0.118210
175.500000 0.091126
176.500000 0.222405
177.500000 0.066108
178.500000 0.183937
179.500000 0.144197
180.500000 0.119007
181.500000 0.170778
182.500000 0.210144
183.500000 0.184618
184.500000 0.183559
185.500000 0.065741
186.500000 0.183292
187.500000 0.183101
188.500000 0.091759
189.500000 0.170084
190.500000 0.209643
191.500000 0.158002
192.500000 0.130384
193.500000 0.091191
194.500000 0.143222
195.500000 0.092035
196.500000 0.195097
197.500000 0.118803
198.500000 0.182825
199.500000 0.065880
200.500000 0.221735
201.500000 0.144295
202.500000 0.156171
203.500000 0.171186
204.500000 0.131978
205.500000 0.197644
206.500000 0.117214
207.500000 0.170419
208.500000 0.104798
209.500000 0.170455
210.500000 0.105140
211.500000 0.156956
212.500000 0.143894
213.500000 0.105174
214.500000 0.118150
215.500000 0.170496
216.500000 0.131442
217.500000 0.117051
218.500000 0.208413
219.500000 0.117867
220.500000 0.261155
221.500000 0.091548
222.500000 0.209309
223.500000 0.131252
224.500000 0.091099
225.500000 0.118318
226.500000 0.144786
227.500000 0.185313
228.500000 0.132227
229.500000 0.131662
230.500000 0.091189
231.500000 0.131653
232.500000 0.223995
233.500000 0.131676
234.500000 0.171197
235.500000 0.143777
236.500000 0.105641
237.500000 0.104765
238.500000 0.144247
239.500000 0.130646
240.500000 0.196546
241.500000 0.143306
242.500000 0.131036
243.500000 0.182869
244.500000 0.105605
245.500000 0.078716
246.500000 0.117552
247.500000 0.146038
248.500000 0.118228
249.500000 0.197315
250.500000 0.143429
251.500000 0.248547
252.500000 0.144578
253.500000 0.131582
254.500000 0.157700
255.500000 0.158732
256.500000 0.158488
257.500000 0.130791
258.500000 0.170582
259.500000 0.183021
260.500000 0.104390
261.500000 0.183204
262.500000 0.131557
263.500000 0.170008
264.500000 0.118066
265.500000 0.143475
266.500000 0.196721
267.500000 0.169261
268.500000 0.182202
269.500000 0.169665
270.500000 0.105701
271.500000 0.117622
272.500000 0.078303
273.500000 0.130354
274.500000 0.143454
275.500000 0.209405
276.500000 0.156499
277.500000 0.118236
278.500000 0.169980
279.500000 0.157503
280.500000 0.091645
281.500000 0.118166
282.500000 0.091835
283.500000 0.131411
284.500000 0.195801
285.500000 0.131394
286.500000 0.130328
287.500000 0.171456
288.500000 0.172100
289.500000 0.118620
290.500000 0.117854
291.500000 0.144844
292.500000 0.169957
293.500000 0.144903
294.500000 0.144233
295.500000 0.209138
296.500000 0.169810
297.500000 0.104461
298.500000 0.157208
299.500000 0.210323
