# Left column = Time after Trigger in seconds & Right column = # Counts / Exposure = Flux per cm² s
0.000000 0.017160
1.000000 0.007380
2.000000 0.032043
3.000000 0.017266
4.000000 0.014766
5.000000 0.017218
6.000000 0.004942
7.000000 0.014813
8.000000 0.014827
9.000000 0.034473
10.000000 0.027376
11.000000 0.027048
12.000000 0.022262
13.000000 0.027059
14.000000 0.017298
15.000000 0.012342
16.000000 0.022279
17.000000 0.017377
18.000000 0.024648
19.000000 0.014869
20.000000 0.017332
21.000000 0.009865
22.000000 0.017239
23.000000 0.022313
24.000000 0.017317
25.000000 0.009836
26.000000 0.032252
27.000000 0.009855
28.000000 0.017397
29.000000 0.017243
30.000000 0.014804
31.000000 0.027255
32.000000 0.017326
33.000000 0.017354
34.000000 0.019681
35.000000 0.022465
36.000000 0.012337
37.000000 0.012422
38.000000 0.019778
39.000000 0.017417
40.000000 0.012313
41.000000 0.022161
42.000000 0.019821
43.000000 0.009875
44.000000 0.027009
45.000000 0.032041
46.000000 0.019914
47.000000 0.022246
48.000000 0.022212
49.000000 0.027253
50.000000 0.022215
51.000000 0.024782
52.000000 0.022260
53.000000 0.017238
54.000000 0.014916
55.000000 0.022261
56.000000 0.019694
57.000000 0.019760
58.000000 0.019889
59.000000 0.017221
60.000000 0.022245
61.000000 0.029663
62.000000 0.024576
63.000000 0.019812
64.000000 0.019855
65.000000 0.024726
66.000000 0.019766
67.000000 0.022342
68.000000 0.012454
69.000000 0.007471
70.000000 0.022384
71.000000 0.007421
72.000000 0.019717
73.000000 0.014809
74.000000 0.017329
75.000000 0.009903
76.000000 0.017340
77.000000 0.022161
78.000000 0.012415
79.000000 0.027076
80.000000 0.037402
81.000000 0.022333
82.000000 0.014857
83.000000 0.014785
84.000000 0.012423
85.000000 0.017165
86.000000 0.027214
87.000000 0.029525
88.000000 0.017318
89.000000 0.019827
90.000000 0.007367
91.000000 0.019749
92.000000 0.022200
93.000000 0.022211
94.000000 0.029471
95.000000 0.022143
96.000000 0.017303
97.000000 0.022342
98.000000 0.019660
99.000000 0.022218
100.000000 0.009986
101.000000 0.009894
102.000000 0.014916
103.000000 0.017239
104.000000 0.024710
105.000000 0.017229
106.000000 0.019788
107.000000 0.022349
108.000000 0.009865
109.000000 0.014879
110.000000 0.014966
111.000000 0.024674
112.000000 0.024718
113.000000 0.009889
114.000000 0.029453
115.000000 0.032151
116.000000 0.012294
117.000000 0.014872
118.000000 0.007407
119.000000 0.012319
120.000000 0.024879
121.000000 0.012407
122.000000 0.022327
123.000000 0.022209
124.000000 0.012463
125.000000 0.029863
126.000000 0.017301
127.000000 0.017281
128.000000 0.019739
129.000000 0.014823
130.000000 0.026973
131.000000 0.004939
132.000000 0.014819
133.000000 0.019875
134.000000 0.017250
135.000000 0.024723
136.000000 0.002463
137.000000 0.029848
138.000000 0.004945
139.000000 0.012339
140.000000 0.017372
141.000000 0.017397
142.000000 0.014811
143.000000 0.012461
144.000000 0.012366
145.000000 0.032072
146.000000 0.014853
147.000000 0.012329
148.000000 0.009848
149.000000 0.012299
150.000000 0.004934
151.000000 0.007352
152.000000 0.009915
153.000000 0.022244
154.000000 0.027285
155.000000 0.019772
156.000000 0.017226
157.000000 0.029407
158.000000 0.019820
159.000000 0.027337
160.000000 0.012315
161.000000 0.027382
162.000000 0.014792
163.000000 0.019721
164.000000 0.019738
165.000000 0.017352
166.000000 0.019819
167.000000 0.024806
168.000000 0.037113
169.000000 0.014744
170.000000 0.012312
171.000000 0.017253
172.000000 0.017264
173.000000 0.014863
174.000000 0.007351
175.000000 0.017405
176.000000 0.014760
177.000000 0.022255
178.000000 0.017342
179.000000 0.032343
180.000000 0.019702
181.000000 0.007385
182.000000 0.022224
183.000000 0.012420
184.000000 0.014854
185.000000 0.012301
186.000000 0.022209
187.000000 0.019816
188.000000 0.027160
189.000000 0.014894
190.000000 0.019691
191.000000 0.021968
192.000000 0.019809
193.000000 0.019720
194.000000 0.019673
195.000000 0.022123
196.000000 0.014818
197.000000 0.017314
198.000000 0.019738
199.000000 0.017348
200.000000 0.014769
201.000000 0.014693
202.000000 0.009853
203.000000 0.022234
204.000000 0.014878
205.000000 0.017423
206.000000 0.014847
207.000000 0.019650
208.000000 0.027182
209.000000 0.007391
210.000000 0.012407
211.000000 0.012454
212.000000 0.017258
213.000000 0.012281
214.000000 0.027260
215.000000 0.019723
216.000000 0.012342
217.000000 0.012390
218.000000 0.009870
219.000000 0.009874
220.000000 0.004943
221.000000 0.019704
222.000000 0.024813
223.000000 0.017343
224.000000 0.012318
225.000000 0.009908
226.000000 0.017279
227.000000 0.017218
228.000000 0.027099
229.000000 0.017314
230.000000 0.014784
231.000000 0.017303
232.000000 0.022103
233.000000 0.019657
234.000000 0.009925
235.000000 0.017188
236.000000 0.029631
237.000000 0.019707
238.000000 0.012340
239.000000 0.019818
240.000000 0.019715
241.000000 0.017190
242.000000 0.017238
243.000000 0.029639
244.000000 0.017300
245.000000 0.019948
246.000000 0.022402
247.000000 0.024665
248.000000 0.012381
249.000000 0.024637
250.000000 0.007416
251.000000 0.012352
252.000000 0.014775
253.000000 0.019987
254.000000 0.017371
255.000000 0.019783
256.000000 0.014923
257.000000 0.019723
258.000000 0.014837
259.000000 0.014903
260.000000 0.019722
261.000000 0.014894
262.000000 0.019864
263.000000 0.004937
264.000000 0.002462
265.000000 0.017251
266.000000 0.009845
267.000000 0.012332
268.000000 0.019736
269.000000 0.024549
270.000000 0.022334
271.000000 0.002473
272.000000 0.007403
273.000000 0.019783
274.000000 0.029560
275.000000 0.017333
276.000000 0.019775
277.000000 0.017378
278.000000 0.007417
279.000000 0.014793
280.000000 0.014764
281.000000 0.014831
282.000000 0.022162
283.000000 0.002479
284.000000 0.009888
285.000000 0.012416
286.000000 0.024711
287.000000 0.007421
288.000000 0.017401
289.000000 0.019836
290.000000 0.004950
291.000000 0.017369
292.000000 0.007423
293.000000 0.007456
294.000000 0.012252
295.000000 0.012458
296.000000 0.012347
297.000000 0.032227
298.000000 0.009945
299.000000 0.435591
300.000000 1.000000
301.000000 0.187756
302.000000 0.059378
303.000000 0.044589
304.000000 0.046947
305.000000 0.027184
306.000000 0.014748
307.000000 0.022317
308.000000 0.029702
309.000000 0.014795
310.000000 0.022219
311.000000 0.014788
312.000000 0.009877
313.000000 0.017227
314.000000 0.019765
315.000000 0.017440
316.000000 0.009838
317.000000 0.024885
318.000000 0.031958
319.000000 0.022256
320.000000 0.012323
321.000000 0.029777
322.000000 0.024835
323.000000 0.017285
324.000000 0.014853
325.000000 0.019846
326.000000 0.012409
327.000000 0.024906
328.000000 0.017338
329.000000 0.012379
330.000000 0.022248
331.000000 0.024651
332.000000 0.019772
333.000000 0.014737
334.000000 0.017457
335.000000 0.014819
336.000000 0.014844
337.000000 0.012344
338.000000 0.012307
339.000000 0.014888
340.000000 0.012379
341.000000 0.024804
342.000000 0.017285
343.000000 0.012330
344.000000 0.009859
345.000000 0.009935
346.000000 0.019749
347.000000 0.017335
348.000000 0.012338
349.000000 0.012354
350.000000 0.027218
351.000000 0.024601
352.000000 0.024570
353.000000 0.009919
354.000000 0.019834
355.000000 0.029418
356.000000 0.019802
357.000000 0.017350
358.000000 0.009934
359.000000 0.007453
360.000000 0.019974
361.000000 0.004945
362.000000 0.007408
363.000000 0.014784
364.000000 0.019839
365.000000 0.024782
366.000000 0.012282
367.000000 0.004970
368.000000 0.017183
369.000000 0.007425
370.000000 0.022182
371.000000 0.009873
372.000000 0.012368
373.000000 0.019932
374.000000 0.020056
375.000000 0.019776
376.000000 0.012393
377.000000 0.012354
378.000000 0.022419
379.000000 0.019866
380.000000 0.019813
381.000000 0.019721
382.000000 0.014946
383.000000 0.002479
384.000000 0.024839
385.000000 0.039531
386.000000 0.017415
387.000000 0.009960
388.000000 0.014908
389.000000 0.019746
390.000000 0.012395
391.000000 0.014846
392.000000 0.007478
393.000000 0.012390
394.000000 0.009960
395.000000 0.014911
396.000000 0.002481
397.000000 0.017233
398.000000 0.009931
399.000000 0.007399
400.000000 0.017477
401.000000 0.009914
402.000000 0.004955
403.000000 0.012423
404.000000 0.019811
405.000000 0.012454
406.000000 0.017354
407.000000 0.014908
408.000000 0.014824
409.000000 0.014821
410.000000 0.014856
411.000000 0.014907
412.000000 0.009981
413.000000 0.017571
414.000000 0.014964
415.000000 0.012474
416.000000 0.014970
417.000000 0.014834
418.000000 0.027423
419.000000 0.014922
420.000000 0.024712
421.000000 0.014824
422.000000 0.012385
423.000000 0.009977
424.000000 0.005009
425.000000 0.019813
426.000000 0.022446
427.000000 0.017572
428.000000 0.014890
429.000000 0.017473
430.000000 0.009949
431.000000 0.009915
432.000000 0.017378
433.000000 0.010029
434.000000 0.017572
435.000000 0.004999
436.000000 0.009982
437.000000 0.009985
438.000000 0.005003
439.000000 0.007462
440.000000 0.007471
441.000000 0.024827
442.000000 0.017407
443.000000 0.020033
444.000000 0.009994
445.000000 0.017419
446.000000 0.019912
447.000000 0.012452
448.000000 0.004977
449.000000 0.012453
450.000000 0.017449
451.000000 0.020227
452.000000 0.009972
453.000000 0.020024
454.000000 0.010009
455.000000 0.015138
456.000000 0.012429
457.000000 0.017483
458.000000 0.012489
459.000000 0.025143
460.000000 0.014990
461.000000 0.020014
462.000000 0.022640
463.000000 0.015041
464.000000 0.010014
465.000000 0.017429
466.000000 0.014923
467.000000 0.012468
468.000000 0.012508
469.000000 0.012481
470.000000 0.014977
471.000000 0.009944
472.000000 0.017441
473.000000 0.012542
474.000000 0.010010
475.000000 0.017516
476.000000 0.012556
477.000000 0.014954
478.000000 0.012483
479.000000 0.020063
480.000000 0.010006
481.000000 0.007512
482.000000 0.022682
483.000000 0.015074
484.000000 0.022632
485.000000 0.014925
486.000000 0.007481
487.000000 0.020052
488.000000 0.010004
489.000000 0.005005
490.000000 0.007550
491.000000 0.012600
492.000000 0.014970
493.000000 0.030001
494.000000 0.012516
495.000000 0.012483
496.000000 0.025106
497.000000 0.012550
498.000000 0.015103
499.000000 0.022468
500.000000 0.019992
501.000000 0.025035
502.000000 0.007510
503.000000 0.020166
504.000000 0.005009
505.000000 0.012553
506.000000 0.015091
507.000000 0.002522
508.000000 0.017615
509.000000 0.015079
510.000000 0.022616
511.000000 0.010025
512.000000 0.007536
513.000000 0.015006
514.000000 0.017480
515.000000 0.020044
516.000000 0.017579
517.000000 0.020068
518.000000 0.020256
519.000000 0.015199
520.000000 0.020293
521.000000 0.007567
522.000000 0.010058
523.000000 0.017662
524.000000 0.012527
525.000000 0.012579
526.000000 0.025176
527.000000 0.022859
528.000000 0.005058
529.000000 0.010081
530.000000 0.012508
531.000000 0.015082
532.000000 0.020243
533.000000 0.015000
534.000000 0.020018
535.000000 0.019959
536.000000 0.009990
537.000000 0.012493
538.000000 0.007541
539.000000 0.002536
540.000000 0.007553
541.000000 0.012549
542.000000 0.015183
543.000000 0.012565
544.000000 0.012557
545.000000 0.020364
546.000000 0.010020
547.000000 0.025204
548.000000 0.005071
549.000000 0.010118
550.000000 0.005084
551.000000 0.012608
552.000000 0.005017
553.000000 0.015129
554.000000 0.005081
555.000000 0.022735
556.000000 0.020278
557.000000 0.027671
558.000000 0.012523
559.000000 0.005034
560.000000 0.012410
561.000000 0.012480
562.000000 0.022740
563.000000 0.014899
564.000000 0.007558
565.000000 0.010059
566.000000 0.012596
567.000000 0.010032
568.000000 0.017648
569.000000 0.022492
570.000000 0.012611
571.000000 0.012633
572.000000 0.027692
573.000000 0.010172
574.000000 0.020105
575.000000 0.012507
576.000000 0.007604
577.000000 0.005089
578.000000 0.012503
579.000000 0.005050
580.000000 0.010156
581.000000 0.015108
582.000000 0.012691
583.000000 0.017660
584.000000 0.015062
585.000000 0.000000
586.000000 0.012599
587.000000 0.012587
588.000000 0.010108
589.000000 0.005077
590.000000 0.012525
591.000000 0.017603
592.000000 0.005030
593.000000 0.002542
594.000000 0.012545
595.000000 0.015081
596.000000 0.010055
597.000000 0.015162
598.000000 0.017606
599.000000 0.012521
