# Left column = Time after Trigger in seconds & Right column = # Counts / Exposure = Flux per cm² s
-299.500000 0.443003
-298.500000 0.411169
-297.500000 0.526517
-296.500000 0.293626
-295.500000 0.236640
-294.500000 0.264920
-293.500000 0.351502
-292.500000 0.442457
-291.500000 0.562119
-290.500000 0.411891
-289.500000 0.235172
-288.500000 0.408333
-287.500000 0.235634
-286.500000 0.381023
-285.500000 0.177162
-284.500000 0.264838
-283.500000 0.322912
-282.500000 0.291191
-281.500000 0.176474
-280.500000 0.468742
-279.500000 0.324009
-278.500000 0.203905
-277.500000 0.117487
-276.500000 0.261891
-275.500000 0.529835
-274.500000 0.318516
-273.500000 0.323557
-272.500000 0.324691
-271.500000 0.522068
-270.500000 0.320267
-269.500000 0.205296
-268.500000 0.176565
-267.500000 0.204752
-266.500000 0.385243
-265.500000 0.439038
-264.500000 0.525057
-263.500000 0.615696
-262.500000 0.350106
-261.500000 0.234822
-260.500000 0.617048
-259.500000 0.290668
-258.500000 0.235609
-257.500000 0.293498
-256.500000 0.292383
-255.500000 0.351881
-254.500000 0.294060
-253.500000 0.294765
-252.500000 0.376692
-251.500000 0.350733
-250.500000 0.176213
-249.500000 0.352008
-248.500000 0.262710
-247.500000 0.553912
-246.500000 0.382593
-245.500000 0.531970
-244.500000 0.233660
-243.500000 0.503354
-242.500000 0.322355
-241.500000 0.263800
-240.500000 0.263039
-239.500000 0.351807
-238.500000 0.235272
-237.500000 0.410149
-236.500000 0.292112
-235.500000 0.495867
-234.500000 0.352395
-233.500000 0.379389
-232.500000 0.325020
-231.500000 0.466125
-230.500000 0.289797
-229.500000 0.468816
-228.500000 0.233822
-227.500000 0.438597
-226.500000 0.375687
-225.500000 0.204664
-224.500000 0.526685
-223.500000 0.379951
-222.500000 0.350329
-221.500000 0.437988
-220.500000 0.350950
-219.500000 0.292140
-218.500000 0.495956
-217.500000 0.412877
-216.500000 0.145949
-215.500000 0.435591
-214.500000 0.350908
-213.500000 0.437187
-212.500000 0.205175
-211.500000 0.235072
-210.500000 0.349399
-209.500000 0.321729
-208.500000 0.348231
-207.500000 0.231384
-206.500000 0.320817
-205.500000 0.433319
-204.500000 0.204490
-203.500000 0.320432
-202.500000 0.463367
-201.500000 0.175048
-200.500000 0.322052
-199.500000 0.263838
-198.500000 0.262606
-197.500000 0.350549
-196.500000 0.435694
-195.500000 0.232055
-194.500000 0.349402
-193.500000 0.350525
-192.500000 0.291905
-191.500000 0.376940
-190.500000 0.260906
-189.500000 0.349216
-188.500000 0.262426
-187.500000 0.349195
-186.500000 0.318566
-185.500000 0.407157
-184.500000 0.464816
-183.500000 0.377863
-182.500000 0.379046
-181.500000 0.291331
-180.500000 0.260689
-179.500000 0.551690
-178.500000 0.290407
-177.500000 0.261355
-176.500000 0.116027
-175.500000 0.433205
-174.500000 0.345940
-173.500000 0.145323
-172.500000 0.260749
-171.500000 0.320887
-170.500000 0.291031
-169.500000 0.144998
-168.500000 0.378477
-167.500000 0.289663
-166.500000 0.173880
-165.500000 0.262172
-164.500000 0.290615
-163.500000 0.260955
-162.500000 0.290331
-161.500000 0.374779
-160.500000 0.317982
-159.500000 0.262603
-158.500000 0.262058
-157.500000 0.204461
-156.500000 0.203598
-155.500000 0.318715
-154.500000 0.491900
-153.500000 0.289382
-152.500000 0.232418
-151.500000 0.347689
-150.500000 0.405672
-149.500000 0.231130
-148.500000 0.405678
-147.500000 0.322547
-146.500000 0.348432
-145.500000 0.261250
-144.500000 0.524356
-143.500000 0.347029
-142.500000 0.376787
-141.500000 0.377784
-140.500000 0.292045
-139.500000 0.377409
-138.500000 0.174444
-137.500000 0.346688
-136.500000 0.404414
-135.500000 0.462067
-134.500000 0.233797
-133.500000 0.287153
-132.500000 0.287004
-131.500000 0.374495
-130.500000 0.320044
-129.500000 0.288561
-128.500000 0.289017
-127.500000 0.203510
-126.500000 0.404979
-125.500000 0.406467
-124.500000 0.201983
-123.500000 0.175291
-122.500000 0.260340
-121.500000 0.462144
-120.500000 0.259843
-119.500000 0.232434
-118.500000 0.260621
-117.500000 0.290264
-116.500000 0.290285
-115.500000 0.316610
-114.500000 0.317044
-113.500000 0.231673
-112.500000 0.460831
-111.500000 0.402801
-110.500000 0.201881
-109.500000 0.493190
-108.500000 0.290914
-107.500000 0.289311
-106.500000 0.376979
-105.500000 0.259942
-104.500000 0.259302
-103.500000 0.520709
-102.500000 0.374184
-101.500000 0.229914
-100.500000 0.231718
-99.500000 0.289111
-98.500000 0.457491
-97.500000 0.173787
-96.500000 0.317662
-95.500000 0.231446
-94.500000 0.460458
-93.500000 0.173841
-92.500000 0.144437
-91.500000 0.316458
-90.500000 0.260699
-89.500000 0.200965
-88.500000 0.347992
-87.500000 0.260149
-86.500000 0.258885
-85.500000 0.317107
-84.500000 0.286399
-83.500000 0.259051
-82.500000 0.315941
-81.500000 0.377265
-80.500000 0.201852
-79.500000 0.289517
-78.500000 0.378605
-77.500000 0.172862
-76.500000 0.286991
-75.500000 0.400935
-74.500000 0.345339
-73.500000 0.347780
-72.500000 0.260501
-71.500000 0.347387
-70.500000 0.316145
-69.500000 0.257095
-68.500000 0.401831
-67.500000 0.488395
-66.500000 0.318641
-65.500000 0.173231
-64.500000 0.343105
-63.500000 0.143437
-62.500000 0.288931
-61.500000 0.202341
-60.500000 0.200985
-59.500000 0.405078
-58.500000 0.288001
-57.500000 0.231898
-56.500000 0.287400
-55.500000 0.260589
-54.500000 0.402242
-53.500000 0.402954
-52.500000 0.260750
-51.500000 0.314592
-50.500000 0.258339
-49.500000 0.259482
-48.500000 0.487681
-47.500000 0.144257
-46.500000 0.229996
-45.500000 0.200479
-44.500000 0.286453
-43.500000 0.115243
-42.500000 0.375765
-41.500000 0.374899
-40.500000 0.172505
-39.500000 0.229483
-38.500000 0.401572
-37.500000 0.372486
-36.500000 0.458594
-35.500000 0.086103
-34.500000 0.231654
-33.500000 0.403479
-32.500000 0.231526
-31.500000 0.172476
-30.500000 0.228937
-29.500000 0.429474
-28.500000 0.171650
-27.500000 0.256731
-26.500000 0.201587
-25.500000 0.403093
-24.500000 0.170864
-23.500000 0.314530
-22.500000 0.343947
-21.500000 0.372680
-20.500000 0.370648
-19.500000 0.257550
-18.500000 0.201440
-17.500000 0.342754
-16.500000 0.313119
-15.500000 0.257592
-14.500000 0.200674
-13.500000 0.143427
-12.500000 0.314075
-11.500000 0.285753
-10.500000 0.142531
-9.500000 0.142220
-8.500000 0.171111
-7.500000 0.286726
-6.500000 0.346196
-5.500000 0.230322
-4.500000 0.258425
-3.500000 0.316029
-2.500000 0.371720
-1.500000 0.143243
-0.500000 0.428022
0.500000 1.000000
1.500000 0.483548
2.500000 0.456672
3.500000 0.314085
4.500000 0.199754
5.500000 0.287095
6.500000 0.228051
7.500000 0.229558
8.500000 0.257438
9.500000 0.284241
10.500000 0.371811
11.500000 0.372510
12.500000 0.485790
13.500000 0.256258
14.500000 0.229017
15.500000 0.229741
16.500000 0.257506
17.500000 0.315305
18.500000 0.342561
19.500000 0.345031
20.500000 0.427541
21.500000 0.489115
22.500000 0.200394
23.500000 0.456873
24.500000 0.115064
25.500000 0.402448
26.500000 0.199354
27.500000 0.428828
28.500000 0.113947
29.500000 0.172663
30.500000 0.172032
31.500000 0.343790
32.500000 0.342741
33.500000 0.456306
34.500000 0.285025
35.500000 0.285898
36.500000 0.285894
37.500000 0.315691
38.500000 0.284600
39.500000 0.371347
40.500000 0.288011
41.500000 0.230370
42.500000 0.457066
43.500000 0.315681
44.500000 0.400509
45.500000 0.227481
46.500000 0.398266
47.500000 0.171638
48.500000 0.287541
49.500000 0.341905
50.500000 0.227826
51.500000 0.227612
52.500000 0.371342
53.500000 0.258762
54.500000 0.283406
55.500000 0.312675
56.500000 0.398404
57.500000 0.312855
58.500000 0.199532
59.500000 0.286818
60.500000 0.456773
61.500000 0.142601
62.500000 0.342075
63.500000 0.284541
64.500000 0.314578
65.500000 0.369270
66.500000 0.315719
67.500000 0.229688
68.500000 0.199189
69.500000 0.085472
70.500000 0.372002
71.500000 0.228462
72.500000 0.285289
73.500000 0.199724
74.500000 0.256113
75.500000 0.257424
76.500000 0.343109
77.500000 0.285308
78.500000 0.342899
79.500000 0.314233
80.500000 0.343160
81.500000 0.341401
82.500000 0.368637
83.500000 0.285708
84.500000 0.255409
85.500000 0.313474
86.500000 0.343040
87.500000 0.171339
88.500000 0.171160
89.500000 0.282533
90.500000 0.198455
91.500000 0.284875
92.500000 0.256081
93.500000 0.255694
94.500000 0.199096
95.500000 0.284437
96.500000 0.199324
97.500000 0.256588
98.500000 0.256842
99.500000 0.370599
100.500000 0.200227
101.500000 0.283943
102.500000 0.171262
103.500000 0.456087
104.500000 0.255526
105.500000 0.284986
106.500000 0.342092
107.500000 0.171093
108.500000 0.398720
109.500000 0.226517
110.500000 0.283820
111.500000 0.171163
112.500000 0.427445
113.500000 0.254519
114.500000 0.198438
115.500000 0.286620
116.500000 0.397884
117.500000 0.255431
118.500000 0.284293
119.500000 0.113755
120.500000 0.199110
121.500000 0.228340
122.500000 0.171316
123.500000 0.425313
124.500000 0.254876
125.500000 0.368487
126.500000 0.256198
127.500000 0.141731
128.500000 0.311454
129.500000 0.282605
130.500000 0.228029
131.500000 0.283573
132.500000 0.198387
133.500000 0.199466
134.500000 0.170740
135.500000 0.284463
136.500000 0.227258
137.500000 0.368956
138.500000 0.282426
139.500000 0.255473
140.500000 0.340822
141.500000 0.398262
142.500000 0.198759
143.500000 0.255880
144.500000 0.255957
145.500000 0.226101
146.500000 0.169753
147.500000 0.341283
148.500000 0.169974
149.500000 0.170281
150.500000 0.338149
151.500000 0.283870
152.500000 0.284525
153.500000 0.314531
154.500000 0.312350
155.500000 0.312751
156.500000 0.225362
157.500000 0.229179
158.500000 0.198464
159.500000 0.454124
160.500000 0.199057
161.500000 0.142843
162.500000 0.256344
163.500000 0.084984
164.500000 0.368977
165.500000 0.399643
166.500000 0.340065
167.500000 0.226596
168.500000 0.141568
169.500000 0.252878
170.500000 0.227397
171.500000 0.366636
172.500000 0.312545
173.500000 0.254512
174.500000 0.169952
175.500000 0.284177
176.500000 0.169624
177.500000 0.225735
178.500000 0.283134
179.500000 0.142024
180.500000 0.141863
181.500000 0.197795
182.500000 0.425637
183.500000 0.340215
184.500000 0.255834
185.500000 0.141510
186.500000 0.339612
187.500000 0.255822
188.500000 0.451261
189.500000 0.199005
190.500000 0.341201
191.500000 0.227139
192.500000 0.313342
193.500000 0.113593
194.500000 0.254716
195.500000 0.395726
196.500000 0.225696
197.500000 0.282928
198.500000 0.169667
199.500000 0.284124
200.500000 0.113319
201.500000 0.254364
202.500000 0.255076
203.500000 0.142125
204.500000 0.141581
205.500000 0.113117
206.500000 0.309744
207.500000 0.141262
208.500000 0.311578
209.500000 0.283393
210.500000 0.368940
211.500000 0.253332
212.500000 0.141488
213.500000 0.341752
214.500000 0.112971
215.500000 0.141665
216.500000 0.337804
217.500000 0.197755
218.500000 0.227013
219.500000 0.253341
220.500000 0.282774
221.500000 0.141035
222.500000 0.170064
223.500000 0.197434
224.500000 0.283931
225.500000 0.255193
226.500000 0.310620
227.500000 0.196925
228.500000 0.397244
229.500000 0.196848
230.500000 0.311310
231.500000 0.140831
232.500000 0.197918
233.500000 0.142071
234.500000 0.198062
235.500000 0.310471
236.500000 0.199008
237.500000 0.169674
238.500000 0.254742
239.500000 0.084975
240.500000 0.168936
241.500000 0.456372
242.500000 0.197218
243.500000 0.253826
244.500000 0.170968
245.500000 0.311341
246.500000 0.284151
247.500000 0.422996
248.500000 0.338464
249.500000 0.170000
250.500000 0.397687
251.500000 0.170469
252.500000 0.255317
253.500000 0.169349
254.500000 0.254225
255.500000 0.170270
256.500000 0.309647
257.500000 0.251675
258.500000 0.310132
259.500000 0.280664
260.500000 0.253532
261.500000 0.310557
262.500000 0.254729
263.500000 0.226098
264.500000 0.198458
265.500000 0.199150
266.500000 0.169161
267.500000 0.283610
268.500000 0.253315
269.500000 0.253708
270.500000 0.282037
271.500000 0.281197
272.500000 0.310850
273.500000 0.252685
274.500000 0.255863
275.500000 0.366663
276.500000 0.198556
277.500000 0.284645
278.500000 0.168899
279.500000 0.421394
280.500000 0.284443
281.500000 0.197929
282.500000 0.226545
283.500000 0.197284
284.500000 0.312869
285.500000 0.197668
286.500000 0.169057
287.500000 0.113149
288.500000 0.169086
289.500000 0.226856
290.500000 0.141250
291.500000 0.391859
292.500000 0.225273
293.500000 0.253256
294.500000 0.338779
295.500000 0.225818
296.500000 0.141392
297.500000 0.113935
298.500000 0.341559
299.500000 0.225668
