# Left column = Time after Trigger in seconds & Right column = # Counts / Exposure = Flux per cm² s
-299.500000 0.011670
-298.500000 0.018592
-297.500000 0.025620
-296.500000 0.011654
-295.500000 0.028106
-294.500000 0.016301
-293.500000 0.021024
-292.500000 0.009278
-291.500000 0.025547
-290.500000 0.018699
-289.500000 0.021069
-288.500000 0.023362
-287.500000 0.025327
-286.500000 0.013825
-285.500000 0.030096
-284.500000 0.027931
-283.500000 0.013917
-282.500000 0.027873
-281.500000 0.018586
-280.500000 0.020956
-279.500000 0.018706
-278.500000 0.018700
-277.500000 0.020938
-276.500000 0.023054
-275.500000 0.020988
-274.500000 0.020755
-273.500000 0.020988
-272.500000 0.023152
-271.500000 0.025622
-270.500000 0.027835
-269.500000 0.020959
-268.500000 0.023152
-267.500000 0.011549
-266.500000 0.016256
-265.500000 0.014011
-264.500000 0.018643
-263.500000 0.027851
-262.500000 0.018598
-261.500000 0.020831
-260.500000 0.016308
-259.500000 0.020897
-258.500000 0.013970
-257.500000 0.018584
-256.500000 0.034841
-255.500000 0.016224
-254.500000 0.020924
-253.500000 0.016356
-252.500000 0.025558
-251.500000 0.013969
-250.500000 0.023267
-249.500000 0.025534
-248.500000 0.016287
-247.500000 0.020783
-246.500000 0.011603
-245.500000 0.018615
-244.500000 0.013972
-243.500000 0.013889
-242.500000 0.013924
-241.500000 0.011659
-240.500000 0.020903
-239.500000 0.023456
-238.500000 0.016316
-237.500000 0.023093
-236.500000 0.025566
-235.500000 0.013929
-234.500000 0.027895
-233.500000 0.021070
-232.500000 0.013871
-231.500000 0.016327
-230.500000 0.030203
-229.500000 0.016266
-228.500000 0.011662
-227.500000 0.014041
-226.500000 0.016255
-225.500000 0.011611
-224.500000 0.013854
-223.500000 0.023229
-222.500000 0.009241
-221.500000 0.021029
-220.500000 0.023359
-219.500000 0.018554
-218.500000 0.016284
-217.500000 0.027870
-216.500000 0.036964
-215.500000 0.037395
-214.500000 0.023155
-213.500000 0.034590
-212.500000 0.009290
-211.500000 0.027837
-210.500000 0.018549
-209.500000 0.013913
-208.500000 0.016324
-207.500000 0.014116
-206.500000 0.025467
-205.500000 0.020889
-204.500000 0.027817
-203.500000 0.011552
-202.500000 0.025640
-201.500000 0.016274
-200.500000 0.011618
-199.500000 0.027898
-198.500000 0.018520
-197.500000 0.013949
-196.500000 0.025480
-195.500000 0.023158
-194.500000 0.016315
-193.500000 0.032620
-192.500000 0.016275
-191.500000 0.020932
-190.500000 0.023282
-189.500000 0.013916
-188.500000 0.018648
-187.500000 0.018612
-186.500000 0.023166
-185.500000 0.023305
-184.500000 0.011662
-183.500000 0.023117
-182.500000 0.009327
-181.500000 0.037155
-180.500000 0.020761
-179.500000 0.018576
-178.500000 0.023226
-177.500000 0.018455
-176.500000 0.016230
-175.500000 0.018697
-174.500000 0.023203
-173.500000 0.034799
-172.500000 0.032267
-171.500000 0.020971
-170.500000 0.035074
-169.500000 0.011658
-168.500000 0.016364
-167.500000 0.034723
-166.500000 0.016310
-165.500000 0.018560
-164.500000 0.016328
-163.500000 0.030312
-162.500000 0.023111
-161.500000 0.025536
-160.500000 0.027872
-159.500000 0.016306
-158.500000 0.016301
-157.500000 0.025650
-156.500000 0.020943
-155.500000 0.023187
-154.500000 0.020919
-153.500000 0.018573
-152.500000 0.009290
-151.500000 0.025570
-150.500000 0.032793
-149.500000 0.027869
-148.500000 0.013946
-147.500000 0.025495
-146.500000 0.016280
-145.500000 0.009339
-144.500000 0.021003
-143.500000 0.016330
-142.500000 0.021074
-141.500000 0.009309
-140.500000 0.020836
-139.500000 0.023299
-138.500000 0.016276
-137.500000 0.013968
-136.500000 0.016410
-135.500000 0.023266
-134.500000 0.020863
-133.500000 0.027876
-132.500000 0.035196
-131.500000 0.020983
-130.500000 0.020927
-129.500000 0.009296
-128.500000 0.032618
-127.500000 0.023271
-126.500000 0.023186
-125.500000 0.016222
-124.500000 0.027819
-123.500000 0.032785
-122.500000 0.016263
-121.500000 0.027949
-120.500000 0.018557
-119.500000 0.023288
-118.500000 0.018593
-117.500000 0.037284
-116.500000 0.027990
-115.500000 0.013911
-114.500000 0.030163
-113.500000 0.030222
-112.500000 0.018660
-111.500000 0.039509
-110.500000 0.016336
-109.500000 0.011724
-108.500000 0.006950
-107.500000 0.030013
-106.500000 0.011583
-105.500000 0.007019
-104.500000 0.032630
-103.500000 0.004686
-102.500000 0.018560
-101.500000 0.013959
-100.500000 0.032604
-99.500000 0.020956
-98.500000 0.023400
-97.500000 0.021040
-96.500000 0.009300
-95.500000 0.013854
-94.500000 0.013996
-93.500000 0.009325
-92.500000 0.020898
-91.500000 0.020910
-90.500000 0.018588
-89.500000 0.034978
-88.500000 0.023233
-87.500000 0.032231
-86.500000 0.009289
-85.500000 0.018686
-84.500000 0.025470
-83.500000 0.011586
-82.500000 0.030140
-81.500000 0.027786
-80.500000 0.011590
-79.500000 0.027935
-78.500000 0.018521
-77.500000 0.013910
-76.500000 0.020870
-75.500000 0.013919
-74.500000 0.018676
-73.500000 0.025510
-72.500000 0.016330
-71.500000 0.023259
-70.500000 0.016217
-69.500000 0.013871
-68.500000 0.011627
-67.500000 0.020867
-66.500000 0.030173
-65.500000 0.025532
-64.500000 0.018513
-63.500000 0.027953
-62.500000 0.023094
-61.500000 0.018470
-60.500000 0.013974
-59.500000 0.018609
-58.500000 0.013936
-57.500000 0.020897
-56.500000 0.025533
-55.500000 0.009246
-54.500000 0.018609
-53.500000 0.025672
-52.500000 0.036971
-51.500000 0.030120
-50.500000 0.018615
-49.500000 0.013861
-48.500000 0.020946
-47.500000 0.020884
-46.500000 0.020819
-45.500000 0.016256
-44.500000 0.018635
-43.500000 0.030303
-42.500000 0.013919
-41.500000 0.037271
-40.500000 0.020958
-39.500000 0.044030
-38.500000 0.030146
-37.500000 0.011636
-36.500000 0.020863
-35.500000 0.020849
-34.500000 0.011668
-33.500000 0.013881
-32.500000 0.018558
-31.500000 0.011670
-30.500000 0.016165
-29.500000 0.011599
-28.500000 0.027805
-27.500000 0.032488
-26.500000 0.011680
-25.500000 0.020992
-24.500000 0.018652
-23.500000 0.030039
-22.500000 0.013979
-21.500000 0.016247
-20.500000 0.018537
-19.500000 0.030353
-18.500000 0.018591
-17.500000 0.023261
-16.500000 0.018537
-15.500000 0.020926
-14.500000 0.025620
-13.500000 0.034774
-12.500000 0.032387
-11.500000 0.016397
-10.500000 0.016144
-9.500000 0.023269
-8.500000 0.009256
-7.500000 0.016270
-6.500000 0.032702
-5.500000 0.034684
-4.500000 0.018590
-3.500000 0.020982
-2.500000 0.013915
-1.500000 0.020901
-0.500000 0.009286
0.500000 1.000000
1.500000 0.729265
2.500000 0.271118
3.500000 0.149495
4.500000 0.101928
5.500000 0.060236
6.500000 0.060709
7.500000 0.050984
8.500000 0.060354
9.500000 0.034821
10.500000 0.037314
11.500000 0.039384
12.500000 0.039365
13.500000 0.037014
14.500000 0.025522
15.500000 0.051227
16.500000 0.032561
17.500000 0.018577
18.500000 0.020926
19.500000 0.032385
20.500000 0.032458
21.500000 0.032460
22.500000 0.027833
23.500000 0.025456
24.500000 0.025448
25.500000 0.020737
26.500000 0.027657
27.500000 0.018428
28.500000 0.018477
29.500000 0.023184
30.500000 0.032599
31.500000 0.023180
32.500000 0.018546
33.500000 0.011606
34.500000 0.018470
35.500000 0.023209
36.500000 0.037215
37.500000 0.023156
38.500000 0.030207
39.500000 0.018680
40.500000 0.004630
41.500000 0.027870
42.500000 0.013895
43.500000 0.027748
44.500000 0.032404
45.500000 0.023228
46.500000 0.034891
47.500000 0.039830
48.500000 0.023278
49.500000 0.023108
50.500000 0.023397
51.500000 0.041985
52.500000 0.023073
53.500000 0.009378
54.500000 0.009360
55.500000 0.016315
56.500000 0.023301
57.500000 0.023361
58.500000 0.020826
59.500000 0.023332
60.500000 0.018450
61.500000 0.016271
62.500000 0.018576
63.500000 0.037128
64.500000 0.018572
65.500000 0.018642
66.500000 0.025497
67.500000 0.018557
68.500000 0.009284
69.500000 0.016204
70.500000 0.020809
71.500000 0.027950
72.500000 0.027880
73.500000 0.011609
74.500000 0.023290
75.500000 0.025600
76.500000 0.018494
77.500000 0.016196
78.500000 0.011610
79.500000 0.025632
80.500000 0.013946
81.500000 0.030263
82.500000 0.023227
83.500000 0.016323
84.500000 0.021033
85.500000 0.035012
86.500000 0.020941
87.500000 0.021000
88.500000 0.013972
89.500000 0.025485
90.500000 0.023221
91.500000 0.016365
92.500000 0.016238
93.500000 0.023312
94.500000 0.020881
95.500000 0.027742
96.500000 0.023173
97.500000 0.011566
98.500000 0.020861
99.500000 0.023163
100.500000 0.011631
101.500000 0.018599
102.500000 0.007011
103.500000 0.023408
104.500000 0.018682
105.500000 0.020863
106.500000 0.030274
107.500000 0.025547
108.500000 0.018536
109.500000 0.028046
110.500000 0.013939
111.500000 0.023309
112.500000 0.020941
113.500000 0.016226
114.500000 0.023304
115.500000 0.016355
116.500000 0.009342
117.500000 0.013984
118.500000 0.016258
119.500000 0.025506
120.500000 0.020864
121.500000 0.016424
122.500000 0.025650
123.500000 0.011645
124.500000 0.009275
125.500000 0.018689
126.500000 0.037041
127.500000 0.016408
128.500000 0.027985
129.500000 0.020963
130.500000 0.034712
131.500000 0.009354
132.500000 0.013958
133.500000 0.032579
134.500000 0.023349
135.500000 0.016363
136.500000 0.020985
137.500000 0.011617
138.500000 0.020883
139.500000 0.027935
140.500000 0.025546
141.500000 0.021016
142.500000 0.023388
143.500000 0.018620
144.500000 0.025630
145.500000 0.023357
146.500000 0.027799
147.500000 0.011663
148.500000 0.030356
149.500000 0.011723
150.500000 0.018553
151.500000 0.009275
152.500000 0.011678
153.500000 0.018641
154.500000 0.009289
155.500000 0.023262
156.500000 0.016283
157.500000 0.027861
158.500000 0.018721
159.500000 0.037111
160.500000 0.025676
161.500000 0.023350
162.500000 0.023420
163.500000 0.027880
164.500000 0.011570
165.500000 0.014019
166.500000 0.011734
167.500000 0.018566
168.500000 0.016282
169.500000 0.027975
170.500000 0.011717
171.500000 0.018549
172.500000 0.013975
173.500000 0.009287
174.500000 0.016197
175.500000 0.016291
176.500000 0.016158
177.500000 0.018663
178.500000 0.020841
179.500000 0.028108
180.500000 0.009363
181.500000 0.020842
182.500000 0.025523
183.500000 0.034883
184.500000 0.027816
185.500000 0.011600
186.500000 0.018451
187.500000 0.007002
188.500000 0.025626
189.500000 0.023178
190.500000 0.018622
191.500000 0.023367
192.500000 0.013982
193.500000 0.030555
194.500000 0.023276
195.500000 0.014013
196.500000 0.023288
197.500000 0.007021
198.500000 0.014013
199.500000 0.013927
200.500000 0.016214
201.500000 0.018654
202.500000 0.011603
203.500000 0.027791
204.500000 0.020963
205.500000 0.018738
206.500000 0.016254
207.500000 0.023141
208.500000 0.021089
209.500000 0.018616
210.500000 0.020996
211.500000 0.027964
212.500000 0.016412
213.500000 0.025693
214.500000 0.020873
215.500000 0.035093
216.500000 0.023271
217.500000 0.009340
218.500000 0.016356
219.500000 0.030385
220.500000 0.018592
221.500000 0.025560
222.500000 0.018558
223.500000 0.020952
224.500000 0.025712
225.500000 0.023304
226.500000 0.034987
227.500000 0.021064
228.500000 0.023325
229.500000 0.014020
230.500000 0.011651
231.500000 0.021001
232.500000 0.016232
233.500000 0.018693
234.500000 0.018445
235.500000 0.030063
236.500000 0.018685
237.500000 0.016237
238.500000 0.018541
239.500000 0.025437
240.500000 0.013825
241.500000 0.013923
242.500000 0.016314
243.500000 0.021000
244.500000 0.011564
245.500000 0.028038
246.500000 0.016224
247.500000 0.027858
248.500000 0.013954
249.500000 0.013981
250.500000 0.016312
251.500000 0.016313
252.500000 0.025544
253.500000 0.025709
254.500000 0.023241
255.500000 0.011580
256.500000 0.016260
257.500000 0.030118
258.500000 0.011596
259.500000 0.036996
260.500000 0.013892
261.500000 0.016364
262.500000 0.020833
263.500000 0.016339
264.500000 0.021033
265.500000 0.018588
266.500000 0.016385
267.500000 0.014018
268.500000 0.027896
269.500000 0.018589
270.500000 0.009290
271.500000 0.018604
272.500000 0.013840
273.500000 0.025502
274.500000 0.020823
275.500000 0.041793
276.500000 0.034662
277.500000 0.018562
278.500000 0.028097
279.500000 0.011558
280.500000 0.013995
281.500000 0.018652
282.500000 0.032369
283.500000 0.023344
284.500000 0.020992
285.500000 0.032422
286.500000 0.025272
287.500000 0.020915
288.500000 0.018630
289.500000 0.011735
290.500000 0.009239
291.500000 0.020888
292.500000 0.014032
293.500000 0.023118
294.500000 0.023382
295.500000 0.018631
296.500000 0.011552
297.500000 0.021011
298.500000 0.016278
299.500000 0.030185
