# Left column = Time after Trigger in seconds & Right column = # Counts / Exposure = Flux per cm² s
-299.500000 0.069632
-298.500000 0.110329
-297.500000 0.099331
-296.500000 0.120363
-295.500000 0.080275
-294.500000 0.109674
-293.500000 0.159370
-292.500000 0.089370
-291.500000 0.079417
-290.500000 0.100152
-289.500000 0.100188
-288.500000 0.089697
-287.500000 0.079773
-286.500000 0.099270
-285.500000 0.089511
-284.500000 0.089388
-283.500000 0.140130
-282.500000 0.109581
-281.500000 0.099611
-280.500000 0.100047
-279.500000 0.079357
-278.500000 0.089875
-277.500000 0.059801
-276.500000 0.069811
-275.500000 0.100010
-274.500000 0.100307
-273.500000 0.129536
-272.500000 0.090144
-271.500000 0.109702
-270.500000 0.089315
-269.500000 0.100543
-268.500000 0.089848
-267.500000 0.089972
-266.500000 0.099226
-265.500000 0.180863
-264.500000 0.119048
-263.500000 0.139627
-262.500000 0.119841
-261.500000 0.049431
-260.500000 0.109607
-259.500000 0.080101
-258.500000 0.179616
-257.500000 0.059661
-256.500000 0.109453
-255.500000 0.040014
-254.500000 0.160020
-253.500000 0.109438
-252.500000 0.089223
-251.500000 0.118761
-250.500000 0.060175
-249.500000 0.160355
-248.500000 0.059871
-247.500000 0.059905
-246.500000 0.069885
-245.500000 0.100144
-244.500000 0.119749
-243.500000 0.080010
-242.500000 0.109778
-241.500000 0.080282
-240.500000 0.109785
-239.500000 0.100376
-238.500000 0.119563
-237.500000 0.100255
-236.500000 0.089874
-235.500000 0.079464
-234.500000 0.050269
-233.500000 0.089596
-232.500000 0.169882
-231.500000 0.080068
-230.500000 0.139864
-229.500000 0.109572
-228.500000 0.070169
-227.500000 0.150823
-226.500000 0.169421
-225.500000 0.060081
-224.500000 0.069792
-223.500000 0.079863
-222.500000 0.109828
-221.500000 0.109847
-220.500000 0.100752
-219.500000 0.089859
-218.500000 0.070167
-217.500000 0.069815
-216.500000 0.099730
-215.500000 0.109048
-214.500000 0.069813
-213.500000 0.110260
-212.500000 0.169835
-211.500000 0.080405
-210.500000 0.089593
-209.500000 0.089536
-208.500000 0.120101
-207.500000 0.040022
-206.500000 0.100381
-205.500000 0.100104
-204.500000 0.070169
-203.500000 0.160692
-202.500000 0.121044
-201.500000 0.100049
-200.500000 0.130766
-199.500000 0.099669
-198.500000 0.099415
-197.500000 0.109538
-196.500000 0.110160
-195.500000 0.069437
-194.500000 0.120269
-193.500000 0.069815
-192.500000 0.110088
-191.500000 0.099564
-190.500000 0.049717
-189.500000 0.060209
-188.500000 0.110217
-187.500000 0.080089
-186.500000 0.099877
-185.500000 0.099325
-184.500000 0.080081
-183.500000 0.120166
-182.500000 0.139459
-181.500000 0.080066
-180.500000 0.110331
-179.500000 0.141386
-178.500000 0.079698
-177.500000 0.090222
-176.500000 0.120100
-175.500000 0.070202
-174.500000 0.149715
-173.500000 0.140598
-172.500000 0.119916
-171.500000 0.159819
-170.500000 0.060117
-169.500000 0.079502
-168.500000 0.120308
-167.500000 0.089367
-166.500000 0.070667
-165.500000 0.110535
-164.500000 0.090170
-163.500000 0.140330
-162.500000 0.090059
-161.500000 0.100286
-160.500000 0.069994
-159.500000 0.080127
-158.500000 0.140042
-157.500000 0.110269
-156.500000 0.099795
-155.500000 0.119689
-154.500000 0.100389
-153.500000 0.129791
-152.500000 0.100122
-151.500000 0.120200
-150.500000 0.101001
-149.500000 0.080034
-148.500000 0.100220
-147.500000 0.119448
-146.500000 0.120307
-145.500000 0.100611
-144.500000 0.120878
-143.500000 0.130110
-142.500000 0.069883
-141.500000 0.060276
-140.500000 0.159880
-139.500000 0.069635
-138.500000 0.140192
-137.500000 0.100076
-136.500000 0.130080
-135.500000 0.059897
-134.500000 0.140305
-133.500000 0.079759
-132.500000 0.069993
-131.500000 0.140866
-130.500000 0.190349
-129.500000 0.119854
-128.500000 0.120326
-127.500000 0.139444
-126.500000 0.079468
-125.500000 0.089868
-124.500000 0.060439
-123.500000 0.079371
-122.500000 0.060283
-121.500000 0.149512
-120.500000 0.090130
-119.500000 0.120218
-118.500000 0.109546
-117.500000 0.059417
-116.500000 0.121050
-115.500000 0.100333
-114.500000 0.110789
-113.500000 0.130272
-112.500000 0.040027
-111.500000 0.140242
-110.500000 0.080166
-109.500000 0.049856
-108.500000 0.140002
-107.500000 0.080150
-106.500000 0.139110
-105.500000 0.059857
-104.500000 0.079654
-103.500000 0.099569
-102.500000 0.118789
-101.500000 0.161063
-100.500000 0.080124
-99.500000 0.170518
-98.500000 0.110094
-97.500000 0.089587
-96.500000 0.090126
-95.500000 0.130187
-94.500000 0.149396
-93.500000 0.110419
-92.500000 0.120082
-91.500000 0.089488
-90.500000 0.131392
-89.500000 0.090358
-88.500000 0.139908
-87.500000 0.099675
-86.500000 0.070475
-85.500000 0.119213
-84.500000 0.030049
-83.500000 0.109508
-82.500000 0.080170
-81.500000 0.070104
-80.500000 0.140803
-79.500000 0.100493
-78.500000 0.099353
-77.500000 0.070485
-76.500000 0.129381
-75.500000 0.099724
-74.500000 0.049983
-73.500000 0.150120
-72.500000 0.089740
-71.500000 0.060172
-70.500000 0.100232
-69.500000 0.069763
-68.500000 0.069852
-67.500000 0.110261
-66.500000 0.089593
-65.500000 0.069697
-64.500000 0.070499
-63.500000 0.159412
-62.500000 0.070007
-61.500000 0.060032
-60.500000 0.140948
-59.500000 0.040021
-58.500000 0.099432
-57.500000 0.129799
-56.500000 0.089825
-55.500000 0.049837
-54.500000 0.050064
-53.500000 0.120186
-52.500000 0.089874
-51.500000 0.070203
-50.500000 0.109976
-49.500000 0.109335
-48.500000 0.110282
-47.500000 0.130396
-46.500000 0.069538
-45.500000 0.120107
-44.500000 0.129714
-43.500000 0.120115
-42.500000 0.141390
-41.500000 0.089990
-40.500000 0.099188
-39.500000 0.139772
-38.500000 0.109469
-37.500000 0.169146
-36.500000 0.069804
-35.500000 0.090193
-34.500000 0.119557
-33.500000 0.079682
-32.500000 0.069773
-31.500000 0.100169
-30.500000 0.100257
-29.500000 0.039780
-28.500000 0.090461
-27.500000 0.119903
-26.500000 0.099801
-25.500000 0.099464
-24.500000 0.079555
-23.500000 0.099781
-22.500000 0.130025
-21.500000 0.159843
-20.500000 0.130870
-19.500000 0.070016
-18.500000 0.131777
-17.500000 0.090507
-16.500000 0.151023
-15.500000 0.110486
-14.500000 0.089501
-13.500000 0.110377
-12.500000 0.110363
-11.500000 0.140610
-10.500000 0.110510
-9.500000 0.070099
-8.500000 0.169438
-7.500000 0.140110
-6.500000 0.109635
-5.500000 0.129535
-4.500000 0.100550
-3.500000 0.110737
-2.500000 0.140680
-1.500000 0.140931
-0.500000 0.089881
0.500000 0.110012
1.500000 0.150442
2.500000 0.099884
3.500000 0.099995
4.500000 0.160398
5.500000 0.090330
6.500000 0.109867
7.500000 0.180694
8.500000 0.179773
9.500000 0.140706
10.500000 0.070062
11.500000 0.100430
12.500000 0.149738
13.500000 0.198613
14.500000 0.059704
15.500000 0.099493
16.500000 0.029960
17.500000 0.120271
18.500000 0.080311
19.500000 0.100639
20.500000 0.099401
21.500000 0.138667
22.500000 0.110238
23.500000 0.139371
24.500000 0.089967
25.500000 0.110283
26.500000 0.130792
27.500000 0.168633
28.500000 0.089397
29.500000 0.161309
30.500000 0.059586
31.500000 0.059703
32.500000 0.159190
33.500000 0.150766
34.500000 0.110206
35.500000 0.060036
36.500000 0.130517
37.500000 0.130186
38.500000 0.129772
39.500000 0.159694
40.500000 0.109707
41.500000 0.100223
42.500000 0.129969
43.500000 0.099867
44.500000 0.110757
45.500000 0.110685
46.500000 0.110800
47.500000 0.169795
48.500000 0.140606
49.500000 0.060000
50.500000 0.080575
51.500000 0.130421
52.500000 0.100015
53.500000 0.130616
54.500000 0.110453
55.500000 0.110213
56.500000 0.050253
57.500000 0.090488
58.500000 0.089525
59.500000 0.089571
60.500000 0.080005
61.500000 0.070079
62.500000 0.090024
63.500000 0.039976
64.500000 0.100625
65.500000 0.109708
66.500000 0.070804
67.500000 0.069675
68.500000 0.110022
69.500000 0.100516
70.500000 0.139464
71.500000 0.099951
72.500000 0.119919
73.500000 0.070143
74.500000 0.050120
75.500000 0.139407
76.500000 0.108837
77.500000 0.120775
78.500000 0.140332
79.500000 0.059990
80.500000 0.110551
81.500000 0.080094
82.500000 0.060029
83.500000 0.162274
84.500000 0.070324
85.500000 0.049870
86.500000 0.120520
87.500000 0.130651
88.500000 0.099916
89.500000 0.120115
90.500000 0.329672
91.500000 0.625017
92.500000 1.000000
93.500000 0.865375
94.500000 0.682924
95.500000 0.330616
96.500000 0.280178
97.500000 0.289667
98.500000 0.250612
99.500000 0.231288
100.500000 0.180858
101.500000 0.170588
102.500000 0.181199
103.500000 0.110468
104.500000 0.130179
105.500000 0.140175
106.500000 0.120181
107.500000 0.140405
108.500000 0.110324
109.500000 0.139959
110.500000 0.099639
111.500000 0.169908
112.500000 0.121887
113.500000 0.130414
114.500000 0.141250
115.500000 0.120079
116.500000 0.190141
117.500000 0.110919
118.500000 0.189512
119.500000 0.080186
120.500000 0.169587
121.500000 0.140706
122.500000 0.089811
123.500000 0.159442
124.500000 0.091151
125.500000 0.080250
126.500000 0.170811
127.500000 0.148672
128.500000 0.110373
129.500000 0.089908
130.500000 0.129819
131.500000 0.109926
132.500000 0.100309
133.500000 0.110228
134.500000 0.119821
135.500000 0.170348
136.500000 0.170411
137.500000 0.130958
138.500000 0.119779
139.500000 0.120769
140.500000 0.000000
141.500000 0.000000
142.500000 0.000000
143.500000 0.000000
144.500000 0.000000
145.500000 0.000000
146.500000 0.000000
147.500000 0.000000
148.500000 0.000000
149.500000 0.000000
150.500000 0.000000
151.500000 0.000000
152.500000 0.020215
153.500000 0.080410
154.500000 0.149634
155.500000 0.139876
156.500000 0.191058
157.500000 0.160176
158.500000 0.070085
159.500000 0.109777
160.500000 0.070857
161.500000 0.110454
162.500000 0.100471
163.500000 0.040187
164.500000 0.060408
165.500000 0.090286
166.500000 0.110644
167.500000 0.050321
168.500000 0.090206
169.500000 0.121229
170.500000 0.121248
171.500000 0.141124
172.500000 0.140808
173.500000 0.190757
174.500000 0.110996
175.500000 0.090154
176.500000 0.129955
177.500000 0.050444
178.500000 0.109982
179.500000 0.090008
180.500000 0.160891
181.500000 0.060293
182.500000 0.050241
183.500000 0.110520
184.500000 0.059759
185.500000 0.090831
186.500000 0.170138
187.500000 0.131125
188.500000 0.070308
189.500000 0.070359
190.500000 0.100590
191.500000 0.100411
192.500000 0.090584
193.500000 0.110555
194.500000 0.170755
195.500000 0.151338
196.500000 0.120252
197.500000 0.119987
198.500000 0.110571
199.500000 0.110790
200.500000 0.120375
201.500000 0.121287
202.500000 0.110430
203.500000 0.121048
204.500000 0.141681
205.500000 0.070503
206.500000 0.129625
207.500000 0.110575
208.500000 0.130791
209.500000 0.111144
210.500000 0.110580
211.500000 0.161126
212.500000 0.121885
213.500000 0.130711
214.500000 0.160088
215.500000 0.100384
216.500000 0.101532
217.500000 0.110608
218.500000 0.110952
219.500000 0.081193
220.500000 0.151260
221.500000 0.101148
222.500000 0.140888
223.500000 0.130938
224.500000 0.110986
225.500000 0.131766
226.500000 0.131043
227.500000 0.121142
228.500000 0.090093
229.500000 0.140725
230.500000 0.130729
231.500000 0.130563
232.500000 0.060397
233.500000 0.140684
234.500000 0.141082
235.500000 0.109912
236.500000 0.170686
237.500000 0.110675
238.500000 0.130641
239.500000 0.100650
240.500000 0.070372
241.500000 0.131849
242.500000 0.100146
243.500000 0.070360
244.500000 0.110745
245.500000 0.090646
246.500000 0.060486
247.500000 0.101306
248.500000 0.110808
249.500000 0.090607
250.500000 0.120343
251.500000 0.080652
252.500000 0.140824
253.500000 0.090892
254.500000 0.090115
255.500000 0.170580
256.500000 0.080427
257.500000 0.040424
258.500000 0.111538
259.500000 0.071040
260.500000 0.121067
261.500000 0.060614
262.500000 0.110999
263.500000 0.110869
264.500000 0.090533
265.500000 0.130758
266.500000 0.141608
267.500000 0.110959
268.500000 0.111173
269.500000 0.151793
270.500000 0.151627
271.500000 0.151951
272.500000 0.150780
273.500000 0.070522
274.500000 0.080518
275.500000 0.130988
276.500000 0.100910
277.500000 0.131798
278.500000 0.121655
279.500000 0.141917
280.500000 0.111337
281.500000 0.081090
282.500000 0.140593
283.500000 0.101703
284.500000 0.089767
285.500000 0.130357
286.500000 0.161724
287.500000 0.070252
288.500000 0.101045
289.500000 0.121055
290.500000 0.192899
291.500000 0.130994
292.500000 0.060868
293.500000 0.111610
294.500000 0.070402
295.500000 0.101123
296.500000 0.150893
297.500000 0.110301
298.500000 0.100653
299.500000 0.151166
