### energy in 0.1 GeV
2.999999999999999889
3.454190000000000038
3.977130000000000248
4.579249999999999987
5.272530000000000272
6.070770000000000333
6.989860000000000517
8.048089999999999411
9.266530000000000600
10.66939999999999972
12.28469999999999979
14.14459999999999884
16.28600000000000048
18.75169999999999892
21.59059999999999868
24.85930000000000084
28.62290000000000112
32.95620000000000216
37.94569999999999887
43.69049999999999878
50.30499999999999972
57.92089999999999736
66.68990000000000196
76.78639999999999910
88.41160000000000130
101.7970000000000041
117.2080000000000011
134.9529999999999896
155.3840000000000110
178.9090000000000069
205.9950000000000170
237.1809999999999974
273.0890000000000040
314.4340000000000135
362.0379999999999932
416.8490000000000251
479.9579999999999735
552.620999999999984
636.2849999999999895
732.6159999999999783
843.5309999999999420
971.2369999999999948
1118.28000000000003
1287.579999999999991
1482.510000000000083
1706.960000000000122
1965.390000000000015
2262.940000000000040
2605.529999999999902
3000.000000000000000
