# Left column = Time after Trigger in seconds & Right column = # Counts / Exposure = Flux per cm² s
0.000000 0.110212
1.000000 0.152479
2.000000 0.207257
3.000000 0.248169
4.000000 0.151500
5.000000 0.123808
6.000000 0.179608
7.000000 0.124650
8.000000 0.194116
9.000000 0.124111
10.000000 0.109227
11.000000 0.110379
12.000000 0.275677
13.000000 0.194921
14.000000 0.151226
15.000000 0.318427
16.000000 0.234865
17.000000 0.177957
18.000000 0.137365
19.000000 0.291772
20.000000 0.165508
21.000000 0.288346
22.000000 0.221009
23.000000 0.123994
24.000000 0.193766
25.000000 0.178719
26.000000 0.178307
27.000000 0.248894
28.000000 0.178716
29.000000 0.164546
30.000000 0.179094
31.000000 0.110124
32.000000 0.221310
33.000000 0.152119
34.000000 0.192385
35.000000 0.096732
36.000000 0.234445
37.000000 0.221218
38.000000 0.151352
39.000000 0.082276
40.000000 0.179429
41.000000 0.124084
42.000000 0.232894
43.000000 0.179249
44.000000 0.234814
45.000000 0.195238
46.000000 0.165283
47.000000 0.137451
48.000000 0.166214
49.000000 0.262095
50.000000 0.180518
51.000000 0.123691
52.000000 0.150342
53.000000 0.193458
54.000000 0.193183
55.000000 0.165462
56.000000 0.262367
57.000000 0.123339
58.000000 0.278107
59.000000 0.137582
60.000000 0.095995
61.000000 0.219108
62.000000 0.317679
63.000000 0.190933
64.000000 0.164991
65.000000 0.150290
66.000000 0.108996
67.000000 0.150404
68.000000 0.289104
69.000000 0.273554
70.000000 0.152278
71.000000 0.193104
72.000000 0.096718
73.000000 0.234433
74.000000 0.220219
75.000000 0.124528
76.000000 0.164486
77.000000 0.220719
78.000000 0.204442
79.000000 0.206002
80.000000 0.218447
81.000000 0.191039
82.000000 0.217821
83.000000 0.178653
84.000000 0.274924
85.000000 0.235036
86.000000 0.191863
87.000000 0.178484
88.000000 0.234285
89.000000 0.192186
90.000000 0.110076
91.000000 0.150918
92.000000 0.137765
93.000000 0.287021
94.000000 0.221337
95.000000 0.274121
96.000000 0.152189
97.000000 0.176449
98.000000 0.232873
99.000000 0.207081
100.000000 0.150710
101.000000 0.165968
102.000000 0.221077
103.000000 0.274133
104.000000 0.149976
105.000000 0.151323
106.000000 0.192151
107.000000 0.136358
108.000000 0.179189
109.000000 0.150857
110.000000 0.246404
111.000000 0.150168
112.000000 0.164931
113.000000 0.205287
114.000000 0.150501
115.000000 0.151124
116.000000 0.232833
117.000000 0.178013
118.000000 0.137273
119.000000 0.179271
120.000000 0.109315
121.000000 0.109781
122.000000 0.261091
123.000000 0.067905
124.000000 0.150504
125.000000 0.123101
126.000000 0.164960
127.000000 0.136489
128.000000 0.164749
129.000000 0.151203
130.000000 0.095123
131.000000 0.218293
132.000000 0.287699
133.000000 0.094942
134.000000 0.177358
135.000000 0.123093
136.000000 0.123121
137.000000 0.164514
138.000000 0.286753
139.000000 0.162901
140.000000 0.135991
141.000000 0.203900
142.000000 0.164364
143.000000 0.176034
144.000000 0.162827
145.000000 0.177100
146.000000 0.190015
147.000000 0.135623
148.000000 0.217990
149.000000 0.204950
150.000000 0.094931
151.000000 0.149425
152.000000 0.178586
153.000000 0.164339
154.000000 0.094778
155.000000 0.081616
156.000000 0.271776
157.000000 0.150227
158.000000 0.205708
159.000000 0.190778
160.000000 0.123284
161.000000 0.163056
162.000000 0.150094
163.000000 0.122010
164.000000 0.231268
165.000000 0.192514
166.000000 0.162093
167.000000 0.162660
168.000000 0.176961
169.000000 0.233086
170.000000 0.163441
171.000000 0.108006
172.000000 0.177229
173.000000 0.135471
174.000000 0.095128
175.000000 0.162611
176.000000 0.163839
177.000000 0.220059
178.000000 0.231629
179.000000 0.203294
180.000000 0.122948
181.000000 0.232418
182.000000 0.149508
183.000000 0.108762
184.000000 0.189770
185.000000 0.150332
186.000000 0.148240
187.000000 0.150053
188.000000 0.177961
189.000000 0.189452
190.000000 0.189872
191.000000 0.121660
192.000000 0.176899
193.000000 0.176741
194.000000 0.121944
195.000000 0.137022
196.000000 0.163654
197.000000 0.163176
198.000000 0.122861
199.000000 0.121833
200.000000 0.218159
201.000000 0.190560
202.000000 0.175865
203.000000 0.231040
204.000000 0.215483
205.000000 0.177023
206.000000 0.189318
207.000000 0.108864
208.000000 0.257420
209.000000 0.230658
210.000000 0.201856
211.000000 0.160420
212.000000 0.080973
213.000000 0.215665
214.000000 0.161538
215.000000 0.176381
216.000000 0.259359
217.000000 0.190372
218.000000 0.148154
219.000000 0.189398
220.000000 0.161843
221.000000 0.135860
222.000000 0.135870
223.000000 0.174494
224.000000 0.135855
225.000000 0.135124
226.000000 0.160988
227.000000 0.108013
228.000000 0.311702
229.000000 0.215418
230.000000 0.147663
231.000000 0.285511
232.000000 0.175672
233.000000 0.270278
234.000000 0.163251
235.000000 0.120666
236.000000 0.160759
237.000000 0.189286
238.000000 0.175296
239.000000 0.136074
240.000000 0.227821
241.000000 0.174650
242.000000 0.107718
243.000000 0.174515
244.000000 0.189675
245.000000 0.200654
246.000000 0.134196
247.000000 0.175371
248.000000 0.253975
249.000000 0.309595
250.000000 0.174770
251.000000 0.227559
252.000000 0.270501
253.000000 0.202156
254.000000 0.107558
255.000000 0.323289
256.000000 0.241354
257.000000 0.174186
258.000000 0.201348
259.000000 0.188011
260.000000 0.174423
261.000000 0.120801
262.000000 0.335125
263.000000 0.161220
264.000000 0.135687
265.000000 0.200213
266.000000 0.147062
267.000000 0.188497
268.000000 0.133476
269.000000 0.173921
270.000000 0.306703
271.000000 0.120594
272.000000 0.120638
273.000000 0.227204
274.000000 0.120563
275.000000 0.161022
276.000000 0.186565
277.000000 0.107299
278.000000 0.159576
279.000000 0.147509
280.000000 0.106585
281.000000 0.093353
282.000000 0.053383
283.000000 0.213770
284.000000 0.227343
285.000000 0.133161
286.000000 0.187421
287.000000 0.214085
288.000000 0.266555
289.000000 0.146981
290.000000 0.227132
291.000000 0.266088
292.000000 0.187033
293.000000 0.309614
294.000000 0.357666
295.000000 0.147023
296.000000 0.173650
297.000000 0.161275
298.000000 0.133497
299.000000 0.132599
300.000000 0.173741
301.000000 0.200136
302.000000 0.239419
303.000000 0.228821
304.000000 0.242305
305.000000 0.264984
306.000000 0.279140
307.000000 0.345524
308.000000 0.509524
309.000000 0.914957
310.000000 1.000000
311.000000 0.714962
312.000000 0.907874
313.000000 0.881199
314.000000 0.724086
315.000000 0.722108
316.000000 0.601119
317.000000 0.706124
318.000000 0.464950
319.000000 0.600974
320.000000 0.561658
321.000000 0.485170
322.000000 0.439255
323.000000 0.358316
324.000000 0.424093
325.000000 0.347484
326.000000 0.252880
327.000000 0.385490
328.000000 0.290936
329.000000 0.159324
330.000000 0.491417
331.000000 0.238766
332.000000 0.330675
333.000000 0.172474
334.000000 0.184366
335.000000 0.173020
336.000000 0.212486
337.000000 0.346977
338.000000 0.211223
339.000000 0.226129
340.000000 0.212427
341.000000 0.198733
342.000000 0.266791
343.000000 0.277497
344.000000 0.264545
345.000000 0.159789
346.000000 0.210910
347.000000 0.227075
348.000000 0.198706
349.000000 0.185325
350.000000 0.132335
351.000000 0.225086
352.000000 0.105352
353.000000 0.252854
354.000000 0.132514
355.000000 0.171575
356.000000 0.172923
357.000000 0.185241
358.000000 0.159348
359.000000 0.211744
360.000000 0.105673
361.000000 0.238883
362.000000 0.210349
363.000000 0.198391
364.000000 0.224080
365.000000 0.236866
366.000000 0.171434
367.000000 0.118693
368.000000 0.211183
369.000000 0.184829
370.000000 0.222670
371.000000 0.159535
372.000000 0.158519
373.000000 0.210302
374.000000 0.183752
375.000000 0.132007
376.000000 0.170216
377.000000 0.144573
378.000000 0.196670
379.000000 0.143803
380.000000 0.145112
381.000000 0.157259
382.000000 0.183066
383.000000 0.091722
384.000000 0.131830
385.000000 0.052442
386.000000 0.196383
387.000000 0.157638
388.000000 0.145008
389.000000 0.171383
390.000000 0.276291
391.000000 0.249076
392.000000 0.170082
393.000000 0.170225
394.000000 0.208885
395.000000 0.249297
396.000000 0.130975
397.000000 0.143869
398.000000 0.092567
399.000000 0.117736
400.000000 0.181831
401.000000 0.196173
402.000000 0.182931
403.000000 0.104658
404.000000 0.157703
405.000000 0.130511
406.000000 0.250607
407.000000 0.143922
408.000000 0.196782
409.000000 0.234778
410.000000 0.195097
411.000000 0.117291
412.000000 0.143610
413.000000 0.143584
414.000000 0.065840
415.000000 0.143706
416.000000 0.130200
417.000000 0.210682
418.000000 0.143506
419.000000 0.065454
420.000000 0.130125
421.000000 0.157062
422.000000 0.156544
423.000000 0.117257
424.000000 0.143955
425.000000 0.130338
426.000000 0.195286
427.000000 0.105198
428.000000 0.116909
429.000000 0.222132
430.000000 0.144414
431.000000 0.156551
432.000000 0.234331
433.000000 0.196238
434.000000 0.260787
435.000000 0.351832
436.000000 0.208765
437.000000 0.156903
438.000000 0.156464
439.000000 0.196199
440.000000 0.182862
441.000000 0.169211
442.000000 0.117019
443.000000 0.078058
444.000000 0.091529
445.000000 0.130213
446.000000 0.142703
447.000000 0.104780
448.000000 0.130835
449.000000 0.182571
450.000000 0.183431
451.000000 0.157207
452.000000 0.195936
453.000000 0.196278
454.000000 0.077892
455.000000 0.182572
456.000000 0.117163
457.000000 0.182747
458.000000 0.130295
459.000000 0.182810
460.000000 0.168983
461.000000 0.208228
462.000000 0.142980
463.000000 0.208053
464.000000 0.130021
465.000000 0.169206
466.000000 0.051572
467.000000 0.130428
468.000000 0.155826
469.000000 0.065060
470.000000 0.182461
471.000000 0.260112
472.000000 0.116924
473.000000 0.170004
474.000000 0.182723
475.000000 0.155518
476.000000 0.181201
477.000000 0.142677
478.000000 0.286444
479.000000 0.142675
480.000000 0.142606
481.000000 0.064894
482.000000 0.156776
483.000000 0.154701
484.000000 0.249043
485.000000 0.155017
486.000000 0.103571
487.000000 0.090661
488.000000 0.130134
489.000000 0.169333
490.000000 0.156520
491.000000 0.154938
492.000000 0.103990
493.000000 0.129317
494.000000 0.143093
495.000000 0.310473
496.000000 0.193655
497.000000 0.168303
498.000000 0.167838
499.000000 0.115927
500.000000 0.117274
501.000000 0.154094
502.000000 0.195318
503.000000 0.065057
504.000000 0.207474
505.000000 0.167710
506.000000 0.143500
507.000000 0.195030
508.000000 0.116616
509.000000 0.129800
510.000000 0.220002
511.000000 0.181014
512.000000 0.168347
513.000000 0.168524
514.000000 0.129643
515.000000 0.232238
516.000000 0.102891
517.000000 0.090214
518.000000 0.205770
519.000000 0.129307
520.000000 0.078158
521.000000 0.193343
522.000000 0.182155
523.000000 0.207472
524.000000 0.129375
525.000000 0.115355
526.000000 0.283575
527.000000 0.129365
528.000000 0.221180
529.000000 0.141766
530.000000 0.129254
531.000000 0.116365
532.000000 0.154908
533.000000 0.167424
534.000000 0.128960
535.000000 0.128845
536.000000 0.155595
537.000000 0.155223
538.000000 0.141213
539.000000 0.128510
540.000000 0.141957
541.000000 0.166784
542.000000 0.167572
543.000000 0.116382
544.000000 0.116031
545.000000 0.089974
546.000000 0.103168
547.000000 0.064597
548.000000 0.129520
549.000000 0.090467
550.000000 0.169449
551.000000 0.141382
552.000000 0.142169
553.000000 0.103136
554.000000 0.193404
555.000000 0.129296
556.000000 0.102991
557.000000 0.089934
558.000000 0.155617
559.000000 0.206066
560.000000 0.116331
561.000000 0.128805
562.000000 0.141922
563.000000 0.142099
564.000000 0.115653
565.000000 0.090861
566.000000 0.129305
567.000000 0.142753
568.000000 0.090067
569.000000 0.142391
570.000000 0.090676
571.000000 0.116291
572.000000 0.102938
573.000000 0.129522
574.000000 0.103569
575.000000 0.180658
576.000000 0.128832
577.000000 0.115821
578.000000 0.179827
579.000000 0.128734
580.000000 0.115229
581.000000 0.116317
582.000000 0.116240
583.000000 0.154186
584.000000 0.128180
585.000000 0.128492
586.000000 0.140899
587.000000 0.179446
588.000000 0.102605
589.000000 0.051448
590.000000 0.128156
591.000000 0.090401
592.000000 0.141718
593.000000 0.076901
594.000000 0.090350
595.000000 0.180439
596.000000 0.064437
597.000000 0.165870
598.000000 0.140953
599.000000 0.102673
