# Left column = Time after Trigger in seconds & Right column = # Counts / Exposure = Flux per cm² s
-299.500000 0.079138
-298.500000 0.039522
-297.500000 0.110695
-296.500000 0.063265
-295.500000 0.070701
-294.500000 0.102723
-293.500000 0.070978
-292.500000 0.078826
-291.500000 0.039296
-290.500000 0.063135
-289.500000 0.071071
-288.500000 0.078425
-287.500000 0.086335
-286.500000 0.031279
-285.500000 0.109346
-284.500000 0.063123
-283.500000 0.071115
-282.500000 0.039796
-281.500000 0.071668
-280.500000 0.039456
-279.500000 0.079266
-278.500000 0.078948
-277.500000 0.039623
-276.500000 0.055102
-275.500000 0.070874
-274.500000 0.117972
-273.500000 0.102092
-272.500000 0.031421
-271.500000 0.070903
-270.500000 0.062752
-269.500000 0.071273
-268.500000 0.047010
-267.500000 0.102018
-266.500000 0.119245
-265.500000 0.055166
-264.500000 0.110968
-263.500000 0.094766
-262.500000 0.142172
-261.500000 0.101937
-260.500000 0.047380
-259.500000 0.079434
-258.500000 0.070852
-257.500000 0.086551
-256.500000 0.126683
-255.500000 0.062744
-254.500000 0.063006
-253.500000 0.102168
-252.500000 0.071606
-251.500000 0.070510
-250.500000 0.071300
-249.500000 0.094758
-248.500000 0.094679
-247.500000 0.101673
-246.500000 0.031613
-245.500000 0.095123
-244.500000 0.110566
-243.500000 0.063278
-242.500000 0.102293
-241.500000 0.070613
-240.500000 0.126467
-239.500000 0.039734
-238.500000 0.031679
-237.500000 0.047631
-236.500000 0.086549
-235.500000 0.063329
-234.500000 0.047435
-233.500000 0.087413
-232.500000 0.055010
-231.500000 0.110777
-230.500000 0.118248
-229.500000 0.102917
-228.500000 0.071244
-227.500000 0.047337
-226.500000 0.102674
-225.500000 0.063203
-224.500000 0.085963
-223.500000 0.150540
-222.500000 0.063110
-221.500000 0.086886
-220.500000 0.126296
-219.500000 0.126711
-218.500000 0.070774
-217.500000 0.031530
-216.500000 0.063159
-215.500000 0.141577
-214.500000 0.070878
-213.500000 0.031649
-212.500000 0.078956
-211.500000 0.039342
-210.500000 0.078809
-209.500000 0.078474
-208.500000 0.078785
-207.500000 0.149782
-206.500000 0.039312
-205.500000 0.119000
-204.500000 0.079041
-203.500000 0.086619
-202.500000 0.054839
-201.500000 0.047262
-200.500000 0.063685
-199.500000 0.078785
-198.500000 0.071035
-197.500000 0.071375
-196.500000 0.110664
-195.500000 0.086828
-194.500000 0.046907
-193.500000 0.086870
-192.500000 0.094629
-191.500000 0.048026
-190.500000 0.055231
-189.500000 0.055168
-188.500000 0.055151
-187.500000 0.134557
-186.500000 0.047347
-185.500000 0.102500
-184.500000 0.039284
-183.500000 0.102667
-182.500000 0.071057
-181.500000 0.102620
-180.500000 0.101934
-179.500000 0.086600
-178.500000 0.078804
-177.500000 0.086622
-176.500000 0.110709
-175.500000 0.078742
-174.500000 0.126141
-173.500000 0.031317
-172.500000 0.063140
-171.500000 0.102622
-170.500000 0.079109
-169.500000 0.126576
-168.500000 0.094520
-167.500000 0.125638
-166.500000 0.063176
-165.500000 0.062976
-164.500000 0.078382
-163.500000 0.055113
-162.500000 0.070899
-161.500000 0.070569
-160.500000 0.086396
-159.500000 0.062867
-158.500000 0.102906
-157.500000 0.086839
-156.500000 0.062933
-155.500000 0.055464
-154.500000 0.093858
-153.500000 0.094996
-152.500000 0.087144
-151.500000 0.055314
-150.500000 0.086241
-149.500000 0.047552
-148.500000 0.062819
-147.500000 0.094121
-146.500000 0.070754
-145.500000 0.110172
-144.500000 0.079279
-143.500000 0.063301
-142.500000 0.118069
-141.500000 0.110794
-140.500000 0.055308
-139.500000 0.094143
-138.500000 0.062950
-137.500000 0.054988
-136.500000 0.071183
-135.500000 0.062738
-134.500000 0.078651
-133.500000 0.103121
-132.500000 0.087249
-131.500000 0.039329
-130.500000 0.117860
-129.500000 0.094521
-128.500000 0.070827
-127.500000 0.070681
-126.500000 0.039421
-125.500000 0.039625
-124.500000 0.079023
-123.500000 0.102628
-122.500000 0.102969
-121.500000 0.047327
-120.500000 0.086442
-119.500000 0.094495
-118.500000 0.039472
-117.500000 0.055137
-116.500000 0.047527
-115.500000 0.094742
-114.500000 0.070917
-113.500000 0.071028
-112.500000 0.071057
-111.500000 0.109658
-110.500000 0.063113
-109.500000 0.134359
-108.500000 0.101872
-107.500000 0.133196
-106.500000 0.133940
-105.500000 0.110589
-104.500000 0.087092
-103.500000 0.062875
-102.500000 0.047324
-101.500000 0.055256
-100.500000 0.079075
-99.500000 0.039595
-98.500000 0.047386
-97.500000 0.134447
-96.500000 0.095238
-95.500000 0.095527
-94.500000 0.079095
-93.500000 0.039070
-92.500000 0.047625
-91.500000 0.102650
-90.500000 0.094045
-89.500000 0.063045
-88.500000 0.071246
-87.500000 0.087026
-86.500000 0.086244
-85.500000 0.086154
-84.500000 0.078221
-83.500000 0.078926
-82.500000 0.054942
-81.500000 0.102226
-80.500000 0.055319
-79.500000 0.102277
-78.500000 0.063122
-77.500000 0.078570
-76.500000 0.047275
-75.500000 0.055171
-74.500000 0.031673
-73.500000 0.087309
-72.500000 0.063409
-71.500000 0.087046
-70.500000 0.079071
-69.500000 0.070942
-68.500000 0.070975
-67.500000 0.054934
-66.500000 0.078782
-65.500000 0.039218
-64.500000 0.047551
-63.500000 0.078852
-62.500000 0.062893
-61.500000 0.071206
-60.500000 0.023665
-59.500000 0.055092
-58.500000 0.102286
-57.500000 0.101870
-56.500000 0.062988
-55.500000 0.118237
-54.500000 0.055076
-53.500000 0.087184
-52.500000 0.094877
-51.500000 0.039344
-50.500000 0.086876
-49.500000 0.047344
-48.500000 0.094388
-47.500000 0.047265
-46.500000 0.086370
-45.500000 0.047126
-44.500000 0.102084
-43.500000 0.078554
-42.500000 0.141882
-41.500000 0.086857
-40.500000 0.094767
-39.500000 0.055686
-38.500000 0.078742
-37.500000 0.078538
-36.500000 0.079349
-35.500000 0.086570
-34.500000 0.110676
-33.500000 0.063230
-32.500000 0.070734
-31.500000 0.095008
-30.500000 0.094522
-29.500000 0.047368
-28.500000 0.110150
-27.500000 0.055193
-26.500000 0.055818
-25.500000 0.063118
-24.500000 0.071249
-23.500000 0.055204
-22.500000 0.141979
-21.500000 0.102069
-20.500000 0.086401
-19.500000 0.047311
-18.500000 0.054694
-17.500000 0.094722
-16.500000 0.102522
-15.500000 0.039371
-14.500000 0.063453
-13.500000 0.086512
-12.500000 0.110097
-11.500000 0.078780
-10.500000 0.070838
-9.500000 0.062535
-8.500000 0.086303
-7.500000 0.039490
-6.500000 0.063308
-5.500000 0.031382
-4.500000 0.070859
-3.500000 0.078985
-2.500000 0.109991
-1.500000 0.023685
-0.500000 0.094500
0.500000 0.158060
1.500000 0.157513
2.500000 0.111025
3.500000 0.165578
4.500000 0.110491
5.500000 0.110346
6.500000 0.346902
7.500000 0.862518
8.500000 1.000000
9.500000 0.982520
10.500000 0.728386
11.500000 0.648418
12.500000 0.512755
13.500000 0.320218
14.500000 0.410729
15.500000 0.617336
16.500000 0.444463
17.500000 0.346577
18.500000 0.214027
19.500000 0.252098
20.500000 0.253766
21.500000 0.189931
22.500000 0.235826
23.500000 0.228881
24.500000 0.198273
25.500000 0.181983
26.500000 0.229889
27.500000 0.189587
28.500000 0.221124
29.500000 0.182592
30.500000 0.166174
31.500000 0.213103
32.500000 0.094180
33.500000 0.166323
34.500000 0.189260
35.500000 0.094667
36.500000 0.118791
37.500000 0.195785
38.500000 0.166316
39.500000 0.134356
40.500000 0.141736
41.500000 0.134242
42.500000 0.119052
43.500000 0.109956
44.500000 0.134483
45.500000 0.140944
46.500000 0.126731
47.500000 0.126912
48.500000 0.149930
49.500000 0.158562
50.500000 0.102146
51.500000 0.086568
52.500000 0.095067
53.500000 0.094855
54.500000 0.102731
55.500000 0.078553
56.500000 0.079310
57.500000 0.070858
58.500000 0.149470
59.500000 0.070850
60.500000 0.094903
61.500000 0.116432
62.500000 0.071147
63.500000 0.070604
64.500000 0.133481
65.500000 0.204943
66.500000 0.079145
67.500000 0.086881
68.500000 0.142016
69.500000 0.094691
70.500000 0.078780
71.500000 0.149586
72.500000 0.102185
73.500000 0.125248
74.500000 0.117717
75.500000 0.109376
76.500000 0.086679
77.500000 0.126125
78.500000 0.102483
79.500000 0.149171
80.500000 0.078435
81.500000 0.086444
82.500000 0.070431
83.500000 0.116944
84.500000 0.102251
85.500000 0.087229
86.500000 0.141561
87.500000 0.125971
88.500000 0.110167
89.500000 0.062749
90.500000 0.117198
91.500000 0.070578
92.500000 0.093527
93.500000 0.023518
94.500000 0.086492
95.500000 0.086380
96.500000 0.062482
97.500000 0.110204
98.500000 0.117903
99.500000 0.118298
100.500000 0.118092
101.500000 0.110717
102.500000 0.078912
103.500000 0.102411
104.500000 0.070932
105.500000 0.078646
106.500000 0.085998
107.500000 0.110199
108.500000 0.109896
109.500000 0.086463
110.500000 0.078382
111.500000 0.078464
112.500000 0.110725
113.500000 0.094098
114.500000 0.126322
115.500000 0.110275
116.500000 0.109368
117.500000 0.102277
118.500000 0.101940
119.500000 0.070456
120.500000 0.071002
121.500000 0.062662
122.500000 0.055061
123.500000 0.093794
124.500000 0.078262
125.500000 0.078532
126.500000 0.039259
127.500000 0.054713
128.500000 0.086208
129.500000 0.071076
130.500000 0.086355
131.500000 0.109821
132.500000 0.109618
133.500000 0.078753
134.500000 0.070837
135.500000 0.086451
136.500000 0.110669
137.500000 0.109609
138.500000 0.062700
139.500000 0.086956
140.500000 0.078325
141.500000 0.101760
142.500000 0.102285
143.500000 0.086086
144.500000 0.062847
145.500000 0.094516
146.500000 0.093488
147.500000 0.047196
148.500000 0.086552
149.500000 0.102502
150.500000 0.055345
151.500000 0.117674
152.500000 0.094077
153.500000 0.117807
154.500000 0.078774
155.500000 0.094207
156.500000 0.094229
157.500000 0.101643
158.500000 0.094377
159.500000 0.141726
160.500000 0.078451
161.500000 0.117588
162.500000 0.062835
163.500000 0.102544
164.500000 0.054951
165.500000 0.079024
166.500000 0.039348
167.500000 0.102634
168.500000 0.063013
169.500000 0.078571
170.500000 0.102678
171.500000 0.063119
172.500000 0.078433
173.500000 0.093961
174.500000 0.078289
175.500000 0.148005
176.500000 0.086024
177.500000 0.070956
178.500000 0.085897
179.500000 0.054995
180.500000 0.101751
181.500000 0.118792
182.500000 0.117677
183.500000 0.109478
184.500000 0.055118
185.500000 0.071068
186.500000 0.110176
187.500000 0.086444
188.500000 0.086985
189.500000 0.039334
190.500000 0.134606
191.500000 0.062809
192.500000 0.063155
193.500000 0.117550
194.500000 0.094072
195.500000 0.118429
196.500000 0.078608
197.500000 0.086333
198.500000 0.102645
199.500000 0.054879
200.500000 0.070720
201.500000 0.078659
202.500000 0.063103
203.500000 0.063382
204.500000 0.127642
205.500000 0.110313
206.500000 0.086593
207.500000 0.087041
208.500000 0.062876
209.500000 0.054960
210.500000 0.110597
211.500000 0.118752
212.500000 0.055274
213.500000 0.055100
214.500000 0.094479
215.500000 0.031594
216.500000 0.094747
217.500000 0.134812
218.500000 0.094311
219.500000 0.071091
220.500000 0.087029
221.500000 0.086274
222.500000 0.086621
223.500000 0.118121
224.500000 0.086634
225.500000 0.111201
226.500000 0.102268
227.500000 0.125745
228.500000 0.117867
229.500000 0.078747
230.500000 0.047352
231.500000 0.086306
232.500000 0.079045
233.500000 0.078390
234.500000 0.071235
235.500000 0.078813
236.500000 0.078936
237.500000 0.134007
238.500000 0.078790
239.500000 0.055399
240.500000 0.079184
241.500000 0.071024
242.500000 0.086401
243.500000 0.063256
244.500000 0.117507
245.500000 0.031673
246.500000 0.039358
247.500000 0.094603
248.500000 0.078915
249.500000 0.102643
250.500000 0.095161
251.500000 0.047634
252.500000 0.063228
253.500000 0.125663
254.500000 0.086493
255.500000 0.063164
256.500000 0.094499
257.500000 0.023540
258.500000 0.086990
259.500000 0.063016
260.500000 0.015851
261.500000 0.126011
262.500000 0.087571
263.500000 0.087482
264.500000 0.102569
265.500000 0.055268
266.500000 0.071233
267.500000 0.087016
268.500000 0.109603
269.500000 0.087345
270.500000 0.070717
271.500000 0.087113
272.500000 0.102359
273.500000 0.078978
274.500000 0.093963
275.500000 0.070900
276.500000 0.094903
277.500000 0.070739
278.500000 0.047190
279.500000 0.086268
280.500000 0.062992
281.500000 0.110670
282.500000 0.095049
283.500000 0.086611
284.500000 0.110529
285.500000 0.070540
286.500000 0.102573
287.500000 0.079544
288.500000 0.103462
289.500000 0.086479
290.500000 0.071237
291.500000 0.039211
292.500000 0.110687
293.500000 0.047408
294.500000 0.094551
295.500000 0.054677
296.500000 0.078990
297.500000 0.086757
298.500000 0.102353
299.500000 0.063556
