# Left column = Time after Trigger in seconds & Right column = # Counts / Exposure = Flux per cm² s
-299.500000 0.000000
-298.500000 0.000000
-297.500000 0.000000
-296.500000 0.000000
-295.500000 0.000000
-294.500000 0.000000
-293.500000 0.000000
-292.500000 0.000000
-291.500000 0.000000
-290.500000 0.000000
-289.500000 0.000000
-288.500000 0.000000
-287.500000 0.000000
-286.500000 0.000000
-285.500000 0.000000
-284.500000 0.000000
-283.500000 0.000000
-282.500000 0.000000
-281.500000 0.000000
-280.500000 0.000000
-279.500000 0.000000
-278.500000 0.000000
-277.500000 0.000000
-276.500000 0.000000
-275.500000 0.000000
-274.500000 0.000000
-273.500000 0.000000
-272.500000 0.000000
-271.500000 0.000000
-270.500000 0.000000
-269.500000 0.000000
-268.500000 0.000000
-267.500000 0.000000
-266.500000 0.000000
-265.500000 0.000000
-264.500000 0.000000
-263.500000 0.000000
-262.500000 0.000000
-261.500000 0.000000
-260.500000 0.000000
-259.500000 0.000000
-258.500000 0.000000
-257.500000 0.000000
-256.500000 0.000000
-255.500000 0.000000
-254.500000 0.000000
-253.500000 0.000000
-252.500000 0.000000
-251.500000 0.000000
-250.500000 0.000000
-249.500000 0.000000
-248.500000 0.000000
-247.500000 0.000000
-246.500000 0.000000
-245.500000 0.000000
-244.500000 0.000000
-243.500000 0.000000
-242.500000 0.000000
-241.500000 0.000000
-240.500000 0.000000
-239.500000 0.000000
-238.500000 0.000000
-237.500000 0.000000
-236.500000 0.000000
-235.500000 0.000000
-234.500000 0.000000
-233.500000 0.000000
-232.500000 0.000000
-231.500000 0.000000
-230.500000 0.000000
-229.500000 0.000000
-228.500000 0.000000
-227.500000 0.000000
-226.500000 0.000000
-225.500000 0.000000
-224.500000 0.000000
-223.500000 0.000000
-222.500000 0.000000
-221.500000 0.000000
-220.500000 0.000000
-219.500000 0.000000
-218.500000 0.000000
-217.500000 0.000000
-216.500000 0.000000
-215.500000 0.000000
-214.500000 0.000000
-213.500000 0.000000
-212.500000 0.000000
-211.500000 0.000000
-210.500000 0.000000
-209.500000 0.000000
-208.500000 0.000000
-207.500000 0.000000
-206.500000 0.000000
-205.500000 0.000000
-204.500000 0.000000
-203.500000 0.000000
-202.500000 0.000000
-201.500000 0.000000
-200.500000 0.000000
-199.500000 0.000000
-198.500000 0.000000
-197.500000 0.000000
-196.500000 0.000000
-195.500000 0.000000
-194.500000 0.000000
-193.500000 0.000000
-192.500000 0.000000
-191.500000 0.000000
-190.500000 0.000000
-189.500000 0.000000
-188.500000 0.000000
-187.500000 0.000000
-186.500000 0.000000
-185.500000 0.000000
-184.500000 0.000000
-183.500000 0.000000
-182.500000 0.000000
-181.500000 0.000000
-180.500000 0.000000
-179.500000 0.000000
-178.500000 0.000000
-177.500000 0.000000
-176.500000 0.000000
-175.500000 0.000000
-174.500000 0.000000
-173.500000 0.000000
-172.500000 0.000000
-171.500000 0.000000
-170.500000 0.000000
-169.500000 0.000000
-168.500000 0.000000
-167.500000 0.000000
-166.500000 0.000000
-165.500000 0.000000
-164.500000 0.000000
-163.500000 0.000000
-162.500000 0.000000
-161.500000 0.000000
-160.500000 0.000000
-159.500000 0.000000
-158.500000 0.000000
-157.500000 0.000000
-156.500000 0.000000
-155.500000 0.000000
-154.500000 0.000000
-153.500000 0.000000
-152.500000 0.000000
-151.500000 0.000000
-150.500000 0.000000
-149.500000 0.000000
-148.500000 0.000000
-147.500000 0.000000
-146.500000 0.000000
-145.500000 0.000000
-144.500000 0.000000
-143.500000 0.000000
-142.500000 0.000000
-141.500000 0.000000
-140.500000 0.000000
-139.500000 0.000000
-138.500000 0.000000
-137.500000 0.000000
-136.500000 0.000000
-135.500000 0.000000
-134.500000 0.000000
-133.500000 0.000000
-132.500000 0.000000
-131.500000 0.000000
-130.500000 0.000000
-129.500000 0.000000
-128.500000 0.000000
-127.500000 0.000000
-126.500000 0.000000
-125.500000 0.000000
-124.500000 0.000000
-123.500000 0.000000
-122.500000 0.000000
-121.500000 0.000000
-120.500000 0.000000
-119.500000 0.000000
-118.500000 0.000000
-117.500000 0.000000
-116.500000 0.000000
-115.500000 0.000000
-114.500000 0.000000
-113.500000 0.000000
-112.500000 0.000000
-111.500000 0.000000
-110.500000 0.000000
-109.500000 0.000000
-108.500000 0.000000
-107.500000 0.000000
-106.500000 0.000000
-105.500000 0.000000
-104.500000 0.000000
-103.500000 0.000000
-102.500000 0.000000
-101.500000 0.000000
-100.500000 0.000000
-99.500000 0.000000
-98.500000 0.000000
-97.500000 0.000000
-96.500000 0.000000
-95.500000 0.000000
-94.500000 0.000000
-93.500000 0.000000
-92.500000 0.000000
-91.500000 0.000000
-90.500000 0.000000
-89.500000 0.000000
-88.500000 0.000000
-87.500000 0.000000
-86.500000 0.000000
-85.500000 0.000000
-84.500000 0.000000
-83.500000 0.000000
-82.500000 0.000000
-81.500000 0.000000
-80.500000 0.000000
-79.500000 0.000000
-78.500000 0.000000
-77.500000 0.000000
-76.500000 0.000000
-75.500000 0.000000
-74.500000 0.000000
-73.500000 0.000000
-72.500000 0.000000
-71.500000 0.000000
-70.500000 0.000000
-69.500000 0.000000
-68.500000 0.000000
-67.500000 0.000000
-66.500000 0.000000
-65.500000 0.000000
-64.500000 0.000000
-63.500000 0.000000
-62.500000 0.000000
-61.500000 0.000000
-60.500000 0.000000
-59.500000 0.000000
-58.500000 0.000000
-57.500000 0.000000
-56.500000 0.000000
-55.500000 0.000000
-54.500000 0.000000
-53.500000 0.000000
-52.500000 0.000000
-51.500000 0.000000
-50.500000 0.000000
-49.500000 0.000000
-48.500000 0.000000
-47.500000 0.000000
-46.500000 0.000000
-45.500000 0.000000
-44.500000 0.000000
-43.500000 0.000000
-42.500000 0.000000
-41.500000 0.000000
-40.500000 0.000000
-39.500000 0.000000
-38.500000 0.000000
-37.500000 0.000000
-36.500000 0.000000
-35.500000 0.000000
-34.500000 0.000000
-33.500000 0.000000
-32.500000 0.000000
-31.500000 0.000000
-30.500000 0.008075
-29.500000 0.024210
-28.500000 0.048479
-27.500000 0.064595
-26.500000 0.032552
-25.500000 0.016221
-24.500000 0.024178
-23.500000 0.008091
-22.500000 0.016133
-21.500000 0.016246
-20.500000 0.032277
-19.500000 0.073212
-18.500000 0.024169
-17.500000 0.016156
-16.500000 0.040378
-15.500000 0.032294
-14.500000 0.048420
-13.500000 0.016050
-12.500000 0.032093
-11.500000 0.048106
-10.500000 0.023973
-9.500000 0.016236
-8.500000 0.056184
-7.500000 0.016228
-6.500000 0.040238
-5.500000 0.064797
-4.500000 0.024156
-3.500000 0.048353
-2.500000 0.024265
-1.500000 0.056200
-0.500000 0.056351
0.500000 0.040392
1.500000 0.185102
2.500000 0.097428
3.500000 0.114132
4.500000 0.600762
5.500000 1.000000
6.500000 0.861162
7.500000 0.543413
8.500000 0.355021
9.500000 0.906110
10.500000 0.982108
11.500000 0.876543
12.500000 0.516478
13.500000 0.249113
14.500000 0.257214
15.500000 0.242752
16.500000 0.208875
17.500000 0.137874
18.500000 0.080582
19.500000 0.162105
20.500000 0.136906
21.500000 0.096391
22.500000 0.144634
23.500000 0.104001
24.500000 0.104463
25.500000 0.113066
26.500000 0.063783
27.500000 0.072051
28.500000 0.080538
29.500000 0.072286
30.500000 0.096805
31.500000 0.056586
32.500000 0.056604
33.500000 0.088545
34.500000 0.064455
35.500000 0.032252
36.500000 0.096876
37.500000 0.055984
38.500000 0.072214
39.500000 0.048694
40.500000 0.031962
41.500000 0.024303
42.500000 0.080977
43.500000 0.096609
44.500000 0.032052
45.500000 0.064575
46.500000 0.048353
47.500000 0.040157
48.500000 0.008014
49.500000 0.063879
50.500000 0.048283
51.500000 0.056437
52.500000 0.064348
53.500000 0.081190
54.500000 0.056213
55.500000 0.072254
56.500000 0.072586
57.500000 0.056479
58.500000 0.031955
59.500000 0.024152
60.500000 0.047918
61.500000 0.063630
62.500000 0.032090
63.500000 0.056567
64.500000 0.072284
65.500000 0.032223
66.500000 0.040351
67.500000 0.056290
68.500000 0.032326
69.500000 0.032304
70.500000 0.024159
71.500000 0.048117
72.500000 0.048088
73.500000 0.016073
74.500000 0.064811
75.500000 0.048374
76.500000 0.016080
77.500000 0.032304
78.500000 0.024080
79.500000 0.000000
80.500000 0.024255
81.500000 0.032246
82.500000 0.072855
83.500000 0.023973
84.500000 0.024478
85.500000 0.016013
86.500000 0.016050
87.500000 0.023993
88.500000 0.015944
89.500000 0.032072
90.500000 0.008049
91.500000 0.031854
92.500000 0.032135
93.500000 0.008070
94.500000 0.040202
95.500000 0.016028
96.500000 0.016056
97.500000 0.032198
98.500000 0.032099
99.500000 0.016010
100.500000 0.000000
101.500000 0.032308
102.500000 0.016142
103.500000 0.024210
104.500000 0.031931
105.500000 0.016123
106.500000 0.032199
107.500000 0.015960
108.500000 0.016145
109.500000 0.056346
110.500000 0.016026
111.500000 0.040122
112.500000 0.016057
113.500000 0.016065
114.500000 0.040439
115.500000 0.024216
116.500000 0.024093
117.500000 0.015975
118.500000 0.032235
119.500000 0.007944
120.500000 0.032074
121.500000 0.016132
122.500000 0.008075
123.500000 0.000000
124.500000 0.032238
125.500000 0.040271
126.500000 0.040426
127.500000 0.032332
128.500000 0.048082
129.500000 0.016001
130.500000 0.032172
131.500000 0.016105
132.500000 0.040069
133.500000 0.039950
134.500000 0.016114
135.500000 0.040470
136.500000 0.008020
137.500000 0.016019
138.500000 0.024029
139.500000 0.040134
140.500000 0.015998
141.500000 0.016018
142.500000 0.032228
143.500000 0.016109
144.500000 0.024081
145.500000 0.040166
146.500000 0.032113
147.500000 0.024219
148.500000 0.024246
149.500000 0.023894
150.500000 0.000000
151.500000 0.007979
152.500000 0.008017
153.500000 0.000000
154.500000 0.016057
155.500000 0.016128
156.500000 0.008015
157.500000 0.007985
158.500000 0.048067
159.500000 0.000000
160.500000 0.024089
161.500000 0.008035
162.500000 0.008043
163.500000 0.023972
164.500000 0.016061
165.500000 0.008020
166.500000 0.008017
167.500000 0.008009
168.500000 0.015992
169.500000 0.007980
170.500000 0.016098
171.500000 0.008017
172.500000 0.000000
173.500000 0.024102
174.500000 0.000000
175.500000 0.000000
176.500000 0.000000
177.500000 0.023876
178.500000 0.015962
179.500000 0.024143
180.500000 0.016062
181.500000 0.007983
182.500000 0.024147
183.500000 0.008045
184.500000 0.032269
185.500000 0.008017
186.500000 0.016018
187.500000 0.016081
188.500000 0.024151
189.500000 0.008027
190.500000 0.016142
191.500000 0.007996
192.500000 0.015973
193.500000 0.016104
194.500000 0.008027
195.500000 0.024249
196.500000 0.007981
197.500000 0.016075
198.500000 0.016051
199.500000 0.024055
200.500000 0.008019
201.500000 0.000000
202.500000 0.016141
203.500000 0.024185
204.500000 0.016073
205.500000 0.024204
206.500000 0.024186
207.500000 0.016229
208.500000 0.023908
209.500000 0.040198
210.500000 0.008011
211.500000 0.016084
212.500000 0.008023
213.500000 0.008013
214.500000 0.016037
215.500000 0.008038
216.500000 0.015940
217.500000 0.000000
218.500000 0.016050
219.500000 0.016117
220.500000 0.007956
221.500000 0.008004
222.500000 0.024164
223.500000 0.024199
224.500000 0.008003
225.500000 0.024150
226.500000 0.040384
227.500000 0.016135
228.500000 0.008049
229.500000 0.008057
230.500000 0.016027
231.500000 0.000000
232.500000 0.000000
233.500000 0.015922
234.500000 0.016026
235.500000 0.016088
236.500000 0.024187
237.500000 0.008002
238.500000 0.000000
239.500000 0.024153
240.500000 0.024236
241.500000 0.007991
242.500000 0.000000
243.500000 0.000000
244.500000 0.000000
245.500000 0.007980
246.500000 0.007978
247.500000 0.016069
248.500000 0.008048
249.500000 0.000000
250.500000 0.008017
251.500000 0.016085
252.500000 0.016070
253.500000 0.000000
254.500000 0.008057
255.500000 0.000000
256.500000 0.007999
257.500000 0.008025
258.500000 0.008011
259.500000 0.007992
260.500000 0.000000
261.500000 0.016082
262.500000 0.008030
263.500000 0.016033
264.500000 0.016087
265.500000 0.000000
266.500000 0.016019
267.500000 0.016142
268.500000 0.016054
269.500000 0.008049
270.500000 0.000000
271.500000 0.008001
272.500000 0.000000
273.500000 0.007998
274.500000 0.000000
275.500000 0.000000
276.500000 0.008003
277.500000 0.007976
278.500000 0.007957
279.500000 0.008039
280.500000 0.008001
281.500000 0.008045
282.500000 0.000000
283.500000 0.000000
284.500000 0.008044
285.500000 0.007985
286.500000 0.000000
287.500000 0.016118
288.500000 0.016002
289.500000 0.008027
290.500000 0.008028
291.500000 0.008015
292.500000 0.008003
293.500000 0.016111
294.500000 0.000000
295.500000 0.000000
296.500000 0.000000
297.500000 0.008036
298.500000 0.000000
299.500000 0.007992
