# Left column = Time after Trigger in seconds & Right column = # Counts / Exposure = Flux per cm² s
0.000000 0.128469
1.000000 0.128969
2.000000 0.151308
3.000000 0.171306
4.000000 0.214531
5.000000 0.193396
6.000000 0.107249
7.000000 0.256795
8.000000 0.259875
9.000000 0.192492
10.000000 0.171941
11.000000 0.107491
12.000000 0.171900
13.000000 0.235935
14.000000 0.171909
15.000000 0.299831
16.000000 0.280981
17.000000 0.150701
18.000000 0.106639
19.000000 0.195020
20.000000 0.086399
21.000000 0.236171
22.000000 0.172078
23.000000 0.107367
24.000000 0.214895
25.000000 0.300403
26.000000 0.257623
27.000000 0.192738
28.000000 0.215983
29.000000 0.151427
30.000000 0.128667
31.000000 0.214814
32.000000 0.171279
33.000000 0.129112
34.000000 0.106691
35.000000 0.280479
36.000000 0.150283
37.000000 0.281587
38.000000 0.107559
39.000000 0.279149
40.000000 0.236664
41.000000 0.085794
42.000000 0.129025
43.000000 0.172429
44.000000 0.106998
45.000000 0.171337
46.000000 0.170799
47.000000 0.279108
48.000000 0.319588
49.000000 0.085490
50.000000 0.149734
51.000000 0.193198
52.000000 0.235578
53.000000 0.254978
54.000000 0.216127
55.000000 0.127549
56.000000 0.129526
57.000000 0.192625
58.000000 0.192735
59.000000 0.128720
60.000000 0.192390
61.000000 0.362263
62.000000 0.300446
63.000000 0.128746
64.000000 0.193785
65.000000 0.256976
66.000000 0.149030
67.000000 0.214173
68.000000 0.277759
69.000000 0.192368
70.000000 0.299604
71.000000 0.171713
72.000000 0.042685
73.000000 0.236751
74.000000 0.214550
75.000000 0.212943
76.000000 0.214024
77.000000 0.150480
78.000000 0.171871
79.000000 0.192985
80.000000 0.149168
81.000000 0.212535
82.000000 0.235271
83.000000 0.300593
84.000000 0.171818
85.000000 0.150238
86.000000 0.385608
87.000000 0.236272
88.000000 0.063965
89.000000 0.213958
90.000000 0.170122
91.000000 0.171471
92.000000 0.256925
93.000000 0.149762
94.000000 0.128534
95.000000 0.106741
96.000000 0.278973
97.000000 0.235539
98.000000 0.386810
99.000000 0.150247
100.000000 0.128768
101.000000 0.213483
102.000000 0.193138
103.000000 0.148830
104.000000 0.150099
105.000000 0.297863
106.000000 0.150615
107.000000 0.213491
108.000000 0.171664
109.000000 0.085800
110.000000 0.149207
111.000000 0.149572
112.000000 0.192538
113.000000 0.085911
114.000000 0.277780
115.000000 0.256290
116.000000 0.106876
117.000000 0.106708
118.000000 0.128482
119.000000 0.235835
120.000000 0.214134
121.000000 0.277497
122.000000 0.256536
123.000000 0.256855
124.000000 0.277270
125.000000 0.128369
126.000000 0.149665
127.000000 0.235221
128.000000 0.148965
129.000000 0.149894
130.000000 0.170193
131.000000 0.298583
132.000000 0.106748
133.000000 0.169801
134.000000 0.107446
135.000000 0.149809
136.000000 0.192057
137.000000 0.107043
138.000000 0.277169
139.000000 0.128348
140.000000 0.213724
141.000000 0.192098
142.000000 0.235747
143.000000 0.323292
144.000000 0.278931
145.000000 0.406535
146.000000 0.064206
147.000000 0.106782
148.000000 0.106859
149.000000 0.171838
150.000000 0.257402
151.000000 0.148543
152.000000 0.150332
153.000000 0.278233
154.000000 0.214417
155.000000 0.149218
156.000000 0.233130
157.000000 0.149454
158.000000 0.213535
159.000000 0.211919
160.000000 0.278712
161.000000 0.171896
162.000000 0.234976
163.000000 0.171742
164.000000 0.233888
165.000000 0.277863
166.000000 0.277007
167.000000 0.256192
168.000000 0.256202
169.000000 0.234695
170.000000 0.192217
171.000000 0.170451
172.000000 0.171498
173.000000 0.172144
174.000000 0.064024
175.000000 0.254367
176.000000 0.085462
177.000000 0.235785
178.000000 0.234319
179.000000 0.170707
180.000000 0.170449
181.000000 0.127976
182.000000 0.234080
183.000000 0.235137
184.000000 0.064199
185.000000 0.192605
186.000000 0.151270
187.000000 0.127108
188.000000 0.213599
189.000000 0.169770
190.000000 0.085453
191.000000 0.064457
192.000000 0.149518
193.000000 0.150411
194.000000 0.171632
195.000000 0.191874
196.000000 0.191197
197.000000 0.171478
198.000000 0.192129
199.000000 0.105504
200.000000 0.128090
201.000000 0.405224
202.000000 0.171517
203.000000 0.234372
204.000000 0.298087
205.000000 0.233910
206.000000 0.191253
207.000000 0.212384
208.000000 0.148787
209.000000 0.107266
210.000000 0.128724
211.000000 0.128356
212.000000 0.213216
213.000000 0.149316
214.000000 0.191667
215.000000 0.171725
216.000000 0.127957
217.000000 0.149143
218.000000 0.190974
219.000000 0.213105
220.000000 0.299103
221.000000 0.106536
222.000000 0.171056
223.000000 0.212890
224.000000 0.276889
225.000000 0.127727
226.000000 0.150186
227.000000 0.150317
228.000000 0.213064
229.000000 0.213393
230.000000 0.298960
231.000000 0.234833
232.000000 0.212092
233.000000 0.149592
234.000000 0.063839
235.000000 0.214662
236.000000 0.234424
237.000000 0.212724
238.000000 0.233561
239.000000 0.300874
240.000000 0.233438
241.000000 0.277006
242.000000 0.170374
243.000000 0.148832
244.000000 0.148435
245.000000 0.127592
246.000000 0.277234
247.000000 0.191937
248.000000 0.063893
249.000000 0.192819
250.000000 0.127563
251.000000 0.150580
252.000000 0.214648
253.000000 0.192210
254.000000 0.192582
255.000000 0.149077
256.000000 0.149593
257.000000 0.127648
258.000000 0.169731
259.000000 0.190514
260.000000 0.298946
261.000000 0.253974
262.000000 0.126936
263.000000 0.213191
264.000000 0.257117
265.000000 0.212961
266.000000 0.150583
267.000000 0.127771
268.000000 0.171231
269.000000 0.106174
270.000000 0.127140
271.000000 0.190991
272.000000 0.169288
273.000000 0.170779
274.000000 0.234135
275.000000 0.085407
276.000000 0.169703
277.000000 0.169627
278.000000 0.276522
279.000000 0.148735
280.000000 0.235001
281.000000 0.148826
282.000000 0.213256
283.000000 0.127821
284.000000 0.148369
285.000000 0.127529
286.000000 0.170323
287.000000 0.317340
288.000000 0.105527
289.000000 0.233106
290.000000 0.190421
291.000000 0.106179
292.000000 0.257009
293.000000 0.254967
294.000000 0.233836
295.000000 0.148091
296.000000 0.148802
297.000000 0.339972
298.000000 0.232642
299.000000 0.106477
300.000000 0.148116
301.000000 0.276372
302.000000 0.234498
303.000000 0.212465
304.000000 0.169841
305.000000 0.255422
306.000000 0.212349
307.000000 0.191634
308.000000 0.234081
309.000000 0.085312
310.000000 0.191141
311.000000 0.212788
312.000000 0.063816
313.000000 0.192426
314.000000 0.191233
315.000000 0.297459
316.000000 0.170066
317.000000 0.170745
318.000000 0.234838
319.000000 0.234150
320.000000 0.211576
321.000000 0.190798
322.000000 0.148182
323.000000 0.192043
324.000000 0.255138
325.000000 0.531126
326.000000 0.342269
327.000000 0.277420
328.000000 0.857887
329.000000 1.000000
330.000000 0.903547
331.000000 0.553474
332.000000 0.362096
333.000000 0.554614
334.000000 0.317888
335.000000 0.148367
336.000000 0.212127
337.000000 0.320244
338.000000 0.212060
339.000000 0.190717
340.000000 0.148800
341.000000 0.212095
342.000000 0.168813
343.000000 0.234406
344.000000 0.170703
345.000000 0.147553
346.000000 0.320251
347.000000 0.253991
348.000000 0.169473
349.000000 0.148554
350.000000 0.107253
351.000000 0.212367
352.000000 0.213793
353.000000 0.275673
354.000000 0.213132
355.000000 0.275108
356.000000 0.298684
357.000000 0.168866
358.000000 0.212616
359.000000 0.276080
360.000000 0.084738
361.000000 0.169612
362.000000 0.127098
363.000000 0.149192
364.000000 0.106602
365.000000 0.169432
366.000000 0.170005
367.000000 0.106341
368.000000 0.169380
369.000000 0.106243
370.000000 0.191715
371.000000 0.148114
372.000000 0.127660
373.000000 0.085375
374.000000 0.084484
375.000000 0.170935
376.000000 0.106189
377.000000 0.042707
378.000000 0.149227
379.000000 0.148441
380.000000 0.170890
381.000000 0.213044
382.000000 0.318153
383.000000 0.170207
384.000000 0.212287
385.000000 0.233499
386.000000 0.105561
387.000000 0.276980
388.000000 0.168983
389.000000 0.107065
390.000000 0.191034
391.000000 0.233362
392.000000 0.212769
393.000000 0.298087
394.000000 0.085833
395.000000 0.127236
396.000000 0.169508
397.000000 0.149074
398.000000 0.148768
399.000000 0.169205
400.000000 0.148482
401.000000 0.085179
402.000000 0.234590
403.000000 0.233661
404.000000 0.212865
405.000000 0.233985
406.000000 0.148769
407.000000 0.192457
408.000000 0.319083
409.000000 0.106417
410.000000 0.213648
411.000000 0.298472
412.000000 0.297402
413.000000 0.148932
414.000000 0.169820
415.000000 0.084660
416.000000 0.275641
417.000000 0.212149
418.000000 0.148696
419.000000 0.190885
420.000000 0.126386
421.000000 0.316638
422.000000 0.191030
423.000000 0.170393
424.000000 0.255488
425.000000 0.105969
426.000000 0.148619
427.000000 0.233165
428.000000 0.233529
429.000000 0.168772
430.000000 0.233134
431.000000 0.170037
432.000000 0.106606
433.000000 0.234034
434.000000 0.297162
435.000000 0.127063
436.000000 0.169987
437.000000 0.275718
438.000000 0.255152
439.000000 0.191029
440.000000 0.233491
441.000000 0.084477
442.000000 0.127575
443.000000 0.149177
444.000000 0.106108
445.000000 0.211294
446.000000 0.128656
447.000000 0.232771
448.000000 0.170465
449.000000 0.170343
450.000000 0.147878
451.000000 0.148508
452.000000 0.211947
453.000000 0.190606
454.000000 0.211548
455.000000 0.148458
456.000000 0.318427
457.000000 0.169420
458.000000 0.105875
459.000000 0.170287
460.000000 0.233662
461.000000 0.211846
462.000000 0.191350
463.000000 0.212089
464.000000 0.170397
465.000000 0.189520
466.000000 0.253886
467.000000 0.169835
468.000000 0.191833
469.000000 0.148125
470.000000 0.191258
471.000000 0.255520
472.000000 0.297668
473.000000 0.148889
474.000000 0.189852
475.000000 0.149250
476.000000 0.170691
477.000000 0.234633
478.000000 0.192814
479.000000 0.255057
480.000000 0.085004
481.000000 0.126879
482.000000 0.211476
483.000000 0.318515
484.000000 0.212444
485.000000 0.297379
486.000000 0.106326
487.000000 0.212225
488.000000 0.126607
489.000000 0.296071
490.000000 0.149555
491.000000 0.169992
492.000000 0.255351
493.000000 0.212131
494.000000 0.190604
495.000000 0.212959
496.000000 0.232440
497.000000 0.170158
498.000000 0.337473
499.000000 0.191270
500.000000 0.213287
501.000000 0.148989
502.000000 0.169597
503.000000 0.127012
504.000000 0.127484
505.000000 0.340531
506.000000 0.276319
507.000000 0.212848
508.000000 0.276517
509.000000 0.232955
510.000000 0.212814
511.000000 0.211831
512.000000 0.275609
513.000000 0.170723
514.000000 0.191254
515.000000 0.148973
516.000000 0.298288
517.000000 0.234229
518.000000 0.276955
519.000000 0.148437
520.000000 0.191231
521.000000 0.106705
522.000000 0.149009
523.000000 0.148593
524.000000 0.169890
525.000000 0.234454
526.000000 0.169723
527.000000 0.233887
528.000000 0.170280
529.000000 0.233258
530.000000 0.126783
531.000000 0.148683
532.000000 0.275390
533.000000 0.254886
534.000000 0.170334
535.000000 0.273635
536.000000 0.190598
537.000000 0.191176
538.000000 0.190973
539.000000 0.106817
540.000000 0.254993
541.000000 0.337516
542.000000 0.213120
543.000000 0.254102
544.000000 0.148447
545.000000 0.169165
546.000000 0.149051
547.000000 0.063877
548.000000 0.127605
549.000000 0.212621
550.000000 0.127631
551.000000 0.127209
552.000000 0.212050
553.000000 0.084676
554.000000 0.170023
555.000000 0.127232
556.000000 0.169728
557.000000 0.127455
558.000000 0.169065
559.000000 0.170304
560.000000 0.274897
561.000000 0.127080
562.000000 0.296128
563.000000 0.106274
564.000000 0.234353
565.000000 0.211987
566.000000 0.169478
567.000000 0.211779
568.000000 0.191448
569.000000 0.233891
570.000000 0.213679
571.000000 0.255234
572.000000 0.170027
573.000000 0.127610
574.000000 0.127225
575.000000 0.148211
576.000000 0.148044
577.000000 0.148705
578.000000 0.169240
579.000000 0.170381
580.000000 0.106478
581.000000 0.169265
582.000000 0.233237
583.000000 0.169911
584.000000 0.211737
585.000000 0.149621
586.000000 0.148189
587.000000 0.190296
588.000000 0.256253
589.000000 0.233641
590.000000 0.170364
591.000000 0.296717
592.000000 0.191426
593.000000 0.232487
594.000000 0.211995
595.000000 0.127355
596.000000 0.191235
597.000000 0.190586
598.000000 0.148696
599.000000 0.105864
