# Left column = Time after Trigger in seconds & Right column = # Counts / Exposure = Flux per cm² s
0.000000 0.000000
1.000000 0.000000
2.000000 0.000000
3.000000 0.000000
4.000000 0.000000
5.000000 0.000000
6.000000 0.000000
7.000000 0.000000
8.000000 0.000000
9.000000 0.000000
10.000000 0.000000
11.000000 0.000000
12.000000 0.000000
13.000000 0.000000
14.000000 0.000000
15.000000 0.000000
16.000000 0.000000
17.000000 0.000000
18.000000 0.000000
19.000000 0.000000
20.000000 0.000000
21.000000 0.000000
22.000000 0.000000
23.000000 0.000000
24.000000 0.000000
25.000000 0.000000
26.000000 0.000000
27.000000 0.000000
28.000000 0.000000
29.000000 0.000000
30.000000 0.000000
31.000000 0.000000
32.000000 0.000000
33.000000 0.000000
34.000000 0.000000
35.000000 0.000000
36.000000 0.000000
37.000000 0.000000
38.000000 0.000000
39.000000 0.000000
40.000000 0.000000
41.000000 0.000000
42.000000 0.000000
43.000000 0.000000
44.000000 0.000000
45.000000 0.000000
46.000000 0.000000
47.000000 0.000000
48.000000 0.000000
49.000000 0.000000
50.000000 0.000000
51.000000 0.000000
52.000000 0.000000
53.000000 0.000000
54.000000 0.000000
55.000000 0.000000
56.000000 0.000000
57.000000 0.000000
58.000000 0.000000
59.000000 0.000000
60.000000 0.000000
61.000000 0.000000
62.000000 0.000000
63.000000 0.000000
64.000000 0.000000
65.000000 0.000000
66.000000 0.000000
67.000000 0.000000
68.000000 0.000000
69.000000 0.000000
70.000000 0.000000
71.000000 0.000000
72.000000 0.000000
73.000000 0.000000
74.000000 0.000000
75.000000 0.000000
76.000000 0.000000
77.000000 0.000000
78.000000 0.000000
79.000000 0.000000
80.000000 0.000000
81.000000 0.000000
82.000000 0.000000
83.000000 0.000000
84.000000 0.000000
85.000000 0.000000
86.000000 0.000000
87.000000 0.000000
88.000000 0.000000
89.000000 0.015322
90.000000 0.076725
91.000000 0.145732
92.000000 0.092490
93.000000 0.076072
94.000000 0.068804
95.000000 0.045891
96.000000 0.123460
97.000000 0.076106
98.000000 0.192204
99.000000 0.076436
100.000000 0.107461
101.000000 0.091841
102.000000 0.060872
103.000000 0.145367
104.000000 0.107148
105.000000 0.084123
106.000000 0.115537
107.000000 0.084013
108.000000 0.084069
109.000000 0.053680
110.000000 0.115030
111.000000 0.100194
112.000000 0.068918
113.000000 0.091813
114.000000 0.114614
115.000000 0.114285
116.000000 0.129394
117.000000 0.092266
118.000000 0.115916
119.000000 0.068925
120.000000 0.077015
121.000000 0.092179
122.000000 0.161144
123.000000 0.114567
124.000000 0.106355
125.000000 0.107160
126.000000 0.076309
127.000000 0.092203
128.000000 0.114702
129.000000 0.076514
130.000000 0.107436
131.000000 0.122890
132.000000 0.115155
133.000000 0.122859
134.000000 0.053648
135.000000 0.099679
136.000000 0.153036
137.000000 0.099251
138.000000 0.091793
139.000000 0.076863
140.000000 0.084630
141.000000 0.099338
142.000000 0.146269
143.000000 0.076928
144.000000 0.107134
145.000000 0.099554
146.000000 0.100199
147.000000 0.068703
148.000000 0.121952
149.000000 0.076342
150.000000 0.099422
151.000000 0.083714
152.000000 0.061195
153.000000 0.100006
154.000000 0.106636
155.000000 0.099513
156.000000 0.091588
157.000000 0.045996
158.000000 0.068879
159.000000 0.076727
160.000000 0.060891
161.000000 0.076631
162.000000 0.076398
163.000000 0.152367
164.000000 0.153136
165.000000 0.076695
166.000000 0.060949
167.000000 0.122587
168.000000 0.107238
169.000000 0.084443
170.000000 0.114412
171.000000 0.122444
172.000000 0.098959
173.000000 0.084299
174.000000 0.053492
175.000000 0.053542
176.000000 0.076401
177.000000 0.137221
178.000000 0.083684
179.000000 0.107104
180.000000 0.045637
181.000000 0.045840
182.000000 0.053256
183.000000 0.053882
184.000000 0.114500
185.000000 0.068954
186.000000 0.106814
187.000000 0.114011
188.000000 0.091370
189.000000 0.061143
190.000000 0.115161
191.000000 0.114974
192.000000 0.076295
193.000000 0.068532
194.000000 0.107095
195.000000 0.069191
196.000000 0.130101
197.000000 0.107131
198.000000 0.114213
199.000000 0.099259
200.000000 0.138763
201.000000 0.076485
202.000000 0.115367
203.000000 0.091702
204.000000 0.090897
205.000000 0.045841
206.000000 0.076839
207.000000 0.114698
208.000000 0.107044
209.000000 0.122041
210.000000 0.084360
211.000000 0.121687
212.000000 0.137348
213.000000 0.114454
214.000000 0.122823
215.000000 0.115108
216.000000 0.091572
217.000000 0.099971
218.000000 0.053807
219.000000 0.106768
220.000000 0.115246
221.000000 0.068862
222.000000 0.106749
223.000000 0.068956
224.000000 0.091159
225.000000 0.061149
226.000000 0.091561
227.000000 0.083635
228.000000 0.114170
229.000000 0.076375
230.000000 0.122727
231.000000 0.091717
232.000000 0.129966
233.000000 0.091455
234.000000 0.084198
235.000000 0.053648
236.000000 0.137818
237.000000 0.061029
238.000000 0.068518
239.000000 0.129453
240.000000 0.076252
241.000000 0.084249
242.000000 0.091637
243.000000 0.099682
244.000000 0.100471
245.000000 0.076709
246.000000 0.153023
247.000000 0.099188
248.000000 0.060900
249.000000 0.113825
250.000000 0.107051
251.000000 0.122089
252.000000 0.069020
253.000000 0.106493
254.000000 0.076399
255.000000 0.030804
256.000000 0.107310
257.000000 0.114334
258.000000 0.076398
259.000000 0.091226
260.000000 0.083907
261.000000 0.045811
262.000000 0.122714
263.000000 0.038359
264.000000 0.152967
265.000000 0.092103
266.000000 0.106755
267.000000 0.106297
268.000000 0.076543
269.000000 0.115347
270.000000 0.091227
271.000000 0.083505
272.000000 0.091703
273.000000 0.045828
274.000000 0.091492
275.000000 0.075970
276.000000 0.061204
277.000000 0.084426
278.000000 0.091782
279.000000 0.068733
280.000000 0.098981
281.000000 0.122587
282.000000 0.144582
283.000000 0.075982
284.000000 0.053706
285.000000 0.068541
286.000000 0.076171
287.000000 0.084029
288.000000 0.069201
289.000000 0.098351
290.000000 0.084084
291.000000 0.084474
292.000000 0.106435
293.000000 0.107126
294.000000 0.144913
295.000000 0.068938
296.000000 0.053446
297.000000 0.084306
298.000000 0.053643
299.000000 0.130300
300.000000 0.129936
301.000000 0.122372
302.000000 0.144940
303.000000 0.137248
304.000000 0.114932
305.000000 0.261288
306.000000 0.153535
307.000000 0.229111
308.000000 0.284099
309.000000 0.511456
310.000000 0.426365
311.000000 0.492618
312.000000 0.376510
313.000000 1.000000
314.000000 0.129272
315.000000 0.076603
316.000000 0.228943
317.000000 0.107062
318.000000 0.137627
319.000000 0.160235
320.000000 0.228924
321.000000 0.198648
322.000000 0.129152
323.000000 0.099065
324.000000 0.115364
325.000000 0.137449
326.000000 0.152375
327.000000 0.121573
328.000000 0.144965
329.000000 0.069236
330.000000 0.084149
331.000000 0.107055
332.000000 0.122945
333.000000 0.091654
334.000000 0.068978
335.000000 0.053236
336.000000 0.138165
337.000000 0.122390
338.000000 0.106685
339.000000 0.123025
340.000000 0.114867
341.000000 0.091700
342.000000 0.098210
343.000000 0.122442
344.000000 0.076665
345.000000 0.084197
346.000000 0.092373
347.000000 0.114430
348.000000 0.069094
349.000000 0.083363
350.000000 0.030680
351.000000 0.084239
352.000000 0.121936
353.000000 0.068436
354.000000 0.061102
355.000000 0.045866
356.000000 0.099457
357.000000 0.091450
358.000000 0.091185
359.000000 0.099953
360.000000 0.114021
361.000000 0.068994
362.000000 0.083890
363.000000 0.099160
364.000000 0.053382
365.000000 0.060913
366.000000 0.061242
367.000000 0.068320
368.000000 0.122466
369.000000 0.053278
370.000000 0.099155
371.000000 0.084073
372.000000 0.121468
373.000000 0.076283
374.000000 0.091771
375.000000 0.076515
376.000000 0.069108
377.000000 0.060935
378.000000 0.053775
379.000000 0.106781
380.000000 0.061126
381.000000 0.136874
382.000000 0.091547
383.000000 0.129782
384.000000 0.053543
385.000000 0.130285
386.000000 0.114111
387.000000 0.106738
388.000000 0.106516
389.000000 0.068707
390.000000 0.083739
391.000000 0.105989
392.000000 0.091016
393.000000 0.083570
394.000000 0.099534
395.000000 0.091724
396.000000 0.091694
397.000000 0.083766
398.000000 0.076105
399.000000 0.113991
400.000000 0.122151
401.000000 0.053527
402.000000 0.083258
403.000000 0.130296
404.000000 0.045491
405.000000 0.076223
406.000000 0.091836
407.000000 0.114880
408.000000 0.083836
409.000000 0.106822
410.000000 0.129524
411.000000 0.092334
412.000000 0.099115
413.000000 0.060850
414.000000 0.106588
415.000000 0.114484
416.000000 0.106751
417.000000 0.068453
418.000000 0.060861
419.000000 0.129911
420.000000 0.076244
421.000000 0.045803
422.000000 0.106388
423.000000 0.053789
424.000000 0.099468
425.000000 0.106706
426.000000 0.045973
427.000000 0.076434
428.000000 0.091165
429.000000 0.084377
430.000000 0.076905
431.000000 0.130419
432.000000 0.038330
433.000000 0.076311
434.000000 0.076343
435.000000 0.114489
436.000000 0.106996
437.000000 0.099129
438.000000 0.099908
439.000000 0.122405
440.000000 0.091719
441.000000 0.084654
442.000000 0.092219
443.000000 0.106963
444.000000 0.106496
445.000000 0.107174
446.000000 0.144929
447.000000 0.137177
448.000000 0.068737
449.000000 0.068374
450.000000 0.121516
451.000000 0.122038
452.000000 0.099268
453.000000 0.138516
454.000000 0.130081
455.000000 0.091261
456.000000 0.122838
457.000000 0.091665
458.000000 0.107294
459.000000 0.068693
460.000000 0.068850
461.000000 0.069193
462.000000 0.121677
463.000000 0.130304
464.000000 0.083736
465.000000 0.091219
466.000000 0.076679
467.000000 0.106589
468.000000 0.091775
469.000000 0.084071
470.000000 0.084164
471.000000 0.121555
472.000000 0.114374
473.000000 0.076412
474.000000 0.122114
475.000000 0.160667
476.000000 0.068954
477.000000 0.068787
478.000000 0.091485
479.000000 0.106285
480.000000 0.091255
481.000000 0.083428
482.000000 0.107017
483.000000 0.075800
484.000000 0.091668
485.000000 0.114898
486.000000 0.098647
487.000000 0.129770
488.000000 0.107122
489.000000 0.114680
490.000000 0.061086
491.000000 0.091135
492.000000 0.099277
493.000000 0.190046
494.000000 0.068875
495.000000 0.099616
496.000000 0.114311
497.000000 0.099248
498.000000 0.105956
499.000000 0.092170
500.000000 0.107068
501.000000 0.128879
502.000000 0.144175
503.000000 0.084144
504.000000 0.068083
505.000000 0.099929
506.000000 0.136194
507.000000 0.114854
508.000000 0.053471
509.000000 0.114480
510.000000 0.122045
511.000000 0.076315
512.000000 0.113918
513.000000 0.144988
514.000000 0.129797
515.000000 0.138106
516.000000 0.144286
517.000000 0.075869
518.000000 0.083755
519.000000 0.091988
520.000000 0.053144
521.000000 0.129608
522.000000 0.068473
523.000000 0.090663
524.000000 0.084371
525.000000 0.091251
526.000000 0.106251
527.000000 0.121569
528.000000 0.068130
529.000000 0.092155
530.000000 0.068889
531.000000 0.159012
532.000000 0.129728
533.000000 0.114092
534.000000 0.114505
535.000000 0.060875
536.000000 0.099367
537.000000 0.091543
538.000000 0.076359
539.000000 0.091666
540.000000 0.090888
541.000000 0.075930
542.000000 0.083719
543.000000 0.076054
544.000000 0.091268
545.000000 0.083249
546.000000 0.105863
547.000000 0.106639
548.000000 0.076107
549.000000 0.098858
550.000000 0.084138
551.000000 0.098978
552.000000 0.129209
553.000000 0.106181
554.000000 0.106387
555.000000 0.152338
556.000000 0.061133
557.000000 0.099328
558.000000 0.083871
559.000000 0.122484
560.000000 0.099020
561.000000 0.084025
562.000000 0.098394
563.000000 0.114805
564.000000 0.068582
565.000000 0.098946
566.000000 0.045815
567.000000 0.114632
568.000000 0.098831
569.000000 0.130652
570.000000 0.091231
571.000000 0.098547
572.000000 0.136336
573.000000 0.106124
574.000000 0.083522
575.000000 0.106070
576.000000 0.106150
577.000000 0.053516
578.000000 0.061044
579.000000 0.091110
580.000000 0.121992
581.000000 0.113963
582.000000 0.098857
583.000000 0.045739
584.000000 0.060634
585.000000 0.091541
586.000000 0.083465
587.000000 0.106180
588.000000 0.090772
589.000000 0.145743
590.000000 0.137649
591.000000 0.099560
592.000000 0.106225
593.000000 0.129055
594.000000 0.098703
595.000000 0.083015
596.000000 0.076588
597.000000 0.114070
598.000000 0.099112
599.000000 0.114237
