# Left column = Time after Trigger in seconds & Right column = # Counts / Exposure = Flux per cm² s
-299.500000 0.069738
-298.500000 0.069818
-297.500000 0.053189
-296.500000 0.078900
-295.500000 0.070238
-294.500000 0.088092
-293.500000 0.096929
-292.500000 0.079118
-291.500000 0.078709
-290.500000 0.070084
-289.500000 0.070032
-288.500000 0.078988
-287.500000 0.078698
-286.500000 0.087701
-285.500000 0.070347
-284.500000 0.070683
-283.500000 0.061549
-282.500000 0.044181
-281.500000 0.052552
-280.500000 0.052909
-279.500000 0.087859
-278.500000 0.078813
-277.500000 0.078780
-276.500000 0.061378
-275.500000 0.141558
-274.500000 0.079051
-273.500000 0.105767
-272.500000 0.105350
-271.500000 0.035275
-270.500000 0.035102
-269.500000 0.070263
-268.500000 0.078921
-267.500000 0.078945
-266.500000 0.044143
-265.500000 0.061160
-264.500000 0.096534
-263.500000 0.079353
-262.500000 0.070194
-261.500000 0.096619
-260.500000 0.026338
-259.500000 0.061376
-258.500000 0.061208
-257.500000 0.061518
-256.500000 0.061712
-255.500000 0.043864
-254.500000 0.096585
-253.500000 0.088149
-252.500000 0.061446
-251.500000 0.096617
-250.500000 0.078761
-249.500000 0.078945
-248.500000 0.122103
-247.500000 0.069991
-246.500000 0.114467
-245.500000 0.087718
-244.500000 0.061371
-243.500000 0.070774
-242.500000 0.088027
-241.500000 0.079333
-240.500000 0.026363
-239.500000 0.061253
-238.500000 0.096505
-237.500000 0.130890
-236.500000 0.078648
-235.500000 0.096605
-234.500000 0.088144
-233.500000 0.044042
-232.500000 0.097224
-231.500000 0.096982
-230.500000 0.087700
-229.500000 0.097616
-228.500000 0.096827
-227.500000 0.079313
-226.500000 0.096673
-225.500000 0.096932
-224.500000 0.079816
-223.500000 0.096891
-222.500000 0.079299
-221.500000 0.044414
-220.500000 0.088051
-219.500000 0.105011
-218.500000 0.070749
-217.500000 0.096359
-216.500000 0.097142
-215.500000 0.088202
-214.500000 0.121884
-213.500000 0.035112
-212.500000 0.097018
-211.500000 0.079405
-210.500000 0.052780
-209.500000 0.096783
-208.500000 0.078996
-207.500000 0.123321
-206.500000 0.087796
-205.500000 0.096947
-204.500000 0.079452
-203.500000 0.079059
-202.500000 0.070052
-201.500000 0.026655
-200.500000 0.061344
-199.500000 0.078658
-198.500000 0.087900
-197.500000 0.140000
-196.500000 0.104904
-195.500000 0.052614
-194.500000 0.079322
-193.500000 0.096663
-192.500000 0.070556
-191.500000 0.079428
-190.500000 0.070412
-189.500000 0.132060
-188.500000 0.061581
-187.500000 0.078623
-186.500000 0.052637
-185.500000 0.079329
-184.500000 0.105520
-183.500000 0.087621
-182.500000 0.078863
-181.500000 0.087571
-180.500000 0.079562
-179.500000 0.114270
-178.500000 0.087820
-177.500000 0.096911
-176.500000 0.096617
-175.500000 0.043836
-174.500000 0.097097
-173.500000 0.105480
-172.500000 0.070435
-171.500000 0.105287
-170.500000 0.061032
-169.500000 0.096355
-168.500000 0.061614
-167.500000 0.043780
-166.500000 0.078841
-165.500000 0.132324
-164.500000 0.114398
-163.500000 0.070151
-162.500000 0.087359
-161.500000 0.052138
-160.500000 0.105684
-159.500000 0.132545
-158.500000 0.131274
-157.500000 0.096617
-156.500000 0.087889
-155.500000 0.061972
-154.500000 0.105201
-153.500000 0.087608
-152.500000 0.079465
-151.500000 0.043685
-150.500000 0.114048
-149.500000 0.044134
-148.500000 0.097094
-147.500000 0.140259
-146.500000 0.061569
-145.500000 0.034985
-144.500000 0.043841
-143.500000 0.079287
-142.500000 0.114557
-141.500000 0.114293
-140.500000 0.079205
-139.500000 0.088140
-138.500000 0.061361
-137.500000 0.079108
-136.500000 0.070350
-135.500000 0.061656
-134.500000 0.079180
-133.500000 0.096888
-132.500000 0.079056
-131.500000 0.070500
-130.500000 0.105467
-129.500000 0.070103
-128.500000 0.070562
-127.500000 0.079074
-126.500000 0.070281
-125.500000 0.131733
-124.500000 0.122809
-123.500000 0.087913
-122.500000 0.052801
-121.500000 0.088198
-120.500000 0.088211
-119.500000 0.097172
-118.500000 0.088355
-117.500000 0.131701
-116.500000 0.061313
-115.500000 0.053024
-114.500000 0.105386
-113.500000 0.070234
-112.500000 0.070712
-111.500000 0.096842
-110.500000 0.105938
-109.500000 0.052730
-108.500000 0.087481
-107.500000 0.096646
-106.500000 0.061653
-105.500000 0.044171
-104.500000 0.078986
-103.500000 0.123169
-102.500000 0.052976
-101.500000 0.070447
-100.500000 0.096467
-99.500000 0.096956
-98.500000 0.105678
-97.500000 0.052666
-96.500000 0.052590
-95.500000 0.088031
-94.500000 0.096542
-93.500000 0.061799
-92.500000 0.061212
-91.500000 0.104946
-90.500000 0.123096
-89.500000 0.087846
-88.500000 0.052800
-87.500000 0.017610
-86.500000 0.026338
-85.500000 0.096226
-84.500000 0.096368
-83.500000 0.079110
-82.500000 0.105289
-81.500000 0.114057
-80.500000 0.061542
-79.500000 0.114831
-78.500000 0.043972
-77.500000 0.114927
-76.500000 0.104685
-75.500000 0.088339
-74.500000 0.140652
-73.500000 0.070313
-72.500000 0.070433
-71.500000 0.061461
-70.500000 0.096549
-69.500000 0.158920
-68.500000 0.096395
-67.500000 0.043599
-66.500000 0.052688
-65.500000 0.078983
-64.500000 0.113986
-63.500000 0.079309
-62.500000 0.078876
-61.500000 0.088097
-60.500000 0.043811
-59.500000 0.061909
-58.500000 0.070242
-57.500000 0.114278
-56.500000 0.087953
-55.500000 0.087770
-54.500000 0.088030
-53.500000 0.043932
-52.500000 0.070190
-51.500000 0.096702
-50.500000 0.087255
-49.500000 0.123496
-48.500000 0.096667
-47.500000 0.114153
-46.500000 0.079064
-45.500000 0.052557
-44.500000 0.113666
-43.500000 0.070407
-42.500000 0.070682
-41.500000 0.096124
-40.500000 0.061347
-39.500000 0.052772
-38.500000 0.078959
-37.500000 0.113524
-36.500000 0.087038
-35.500000 0.078906
-34.500000 0.061399
-33.500000 0.123097
-32.500000 0.070754
-31.500000 0.043835
-30.500000 0.079316
-29.500000 0.070163
-28.500000 0.052709
-27.500000 0.104586
-26.500000 0.096638
-25.500000 0.087367
-24.500000 0.070007
-23.500000 0.070068
-22.500000 0.061236
-21.500000 0.087781
-20.500000 0.096901
-19.500000 0.061379
-18.500000 0.043826
-17.500000 0.070257
-16.500000 0.122548
-15.500000 0.114200
-14.500000 0.061118
-13.500000 0.070146
-12.500000 0.079075
-11.500000 0.035059
-10.500000 0.061175
-9.500000 0.079138
-8.500000 0.061387
-7.500000 0.078829
-6.500000 0.105440
-5.500000 0.087915
-4.500000 0.132099
-3.500000 0.043861
-2.500000 0.061304
-1.500000 0.096195
-0.500000 0.070663
0.500000 0.087485
1.500000 0.176842
2.500000 0.245968
3.500000 0.544490
4.500000 0.388770
5.500000 1.000000
6.500000 0.665122
7.500000 0.394124
8.500000 0.343508
9.500000 0.175813
10.500000 0.157319
11.500000 0.106417
12.500000 0.096694
13.500000 0.105502
14.500000 0.113156
15.500000 0.148703
16.500000 0.096291
17.500000 0.158231
18.500000 0.140706
19.500000 0.087514
20.500000 0.140152
21.500000 0.088170
22.500000 0.043719
23.500000 0.061230
24.500000 0.052800
25.500000 0.105357
26.500000 0.096722
27.500000 0.113261
28.500000 0.122537
29.500000 0.061193
30.500000 0.096332
31.500000 0.070452
32.500000 0.114117
33.500000 0.096291
34.500000 0.106006
35.500000 0.096864
36.500000 0.121938
37.500000 0.026173
38.500000 0.079466
39.500000 0.123461
40.500000 0.026448
41.500000 0.052418
42.500000 0.114485
43.500000 0.123967
44.500000 0.114185
45.500000 0.078961
46.500000 0.079468
47.500000 0.087356
48.500000 0.114095
49.500000 0.106141
50.500000 0.061532
51.500000 0.105321
52.500000 0.113994
53.500000 0.105083
54.500000 0.114638
55.500000 0.088011
56.500000 0.106039
57.500000 0.078813
58.500000 0.114219
59.500000 0.061455
60.500000 0.087858
61.500000 0.096628
62.500000 0.079803
63.500000 0.097003
64.500000 0.078516
65.500000 0.070252
66.500000 0.141788
67.500000 0.043894
68.500000 0.087828
69.500000 0.131556
70.500000 0.078474
71.500000 0.079089
72.500000 0.087753
73.500000 0.026355
74.500000 0.053056
75.500000 0.105533
76.500000 0.052418
77.500000 0.096750
78.500000 0.114318
79.500000 0.123257
80.500000 0.052954
81.500000 0.114029
82.500000 0.087539
83.500000 0.079368
84.500000 0.087500
85.500000 0.088204
86.500000 0.078849
87.500000 0.105077
88.500000 0.087632
89.500000 0.097147
90.500000 0.088471
91.500000 0.070608
92.500000 0.061389
93.500000 0.079492
94.500000 0.105789
95.500000 0.061701
96.500000 0.088079
97.500000 0.114320
98.500000 0.105746
99.500000 0.088122
100.500000 0.061509
101.500000 0.070309
102.500000 0.096875
103.500000 0.105402
104.500000 0.122507
105.500000 0.158582
106.500000 0.078685
107.500000 0.096654
108.500000 0.088913
109.500000 0.070571
110.500000 0.113916
111.500000 0.087700
112.500000 0.070380
113.500000 0.079152
114.500000 0.070776
115.500000 0.079055
116.500000 0.079276
117.500000 0.087963
118.500000 0.061604
119.500000 0.079283
120.500000 0.044039
121.500000 0.096181
122.500000 0.070262
123.500000 0.079369
124.500000 0.105746
125.500000 0.087883
126.500000 0.070623
127.500000 0.061345
128.500000 0.079475
129.500000 0.140782
130.500000 0.070372
131.500000 0.079046
132.500000 0.079398
133.500000 0.061604
134.500000 0.122715
135.500000 0.061481
136.500000 0.087968
137.500000 0.035364
138.500000 0.044356
139.500000 0.053015
140.500000 0.061262
141.500000 0.122972
142.500000 0.061779
143.500000 0.096582
144.500000 0.078742
145.500000 0.079361
146.500000 0.078992
147.500000 0.070575
148.500000 0.070566
149.500000 0.131652
150.500000 0.079794
151.500000 0.044248
152.500000 0.043844
153.500000 0.052844
154.500000 0.079254
155.500000 0.105423
156.500000 0.123322
157.500000 0.096657
158.500000 0.061292
159.500000 0.043843
160.500000 0.052781
161.500000 0.071152
162.500000 0.052896
163.500000 0.088388
164.500000 0.132161
165.500000 0.097043
166.500000 0.070333
167.500000 0.158927
168.500000 0.096653
169.500000 0.052890
170.500000 0.088380
171.500000 0.097197
172.500000 0.087743
173.500000 0.114971
174.500000 0.070666
175.500000 0.026471
176.500000 0.087954
177.500000 0.079534
178.500000 0.087922
179.500000 0.087628
180.500000 0.096364
181.500000 0.097124
182.500000 0.113921
183.500000 0.035394
184.500000 0.105159
185.500000 0.070135
186.500000 0.069926
187.500000 0.052886
188.500000 0.043943
189.500000 0.096958
190.500000 0.105957
191.500000 0.096085
192.500000 0.069942
193.500000 0.060957
194.500000 0.061558
195.500000 0.070335
196.500000 0.044088
197.500000 0.070904
198.500000 0.079390
199.500000 0.105474
200.500000 0.140383
201.500000 0.114439
202.500000 0.079370
203.500000 0.131549
204.500000 0.088525
205.500000 0.043836
206.500000 0.043866
207.500000 0.070429
208.500000 0.122825
209.500000 0.035323
210.500000 0.132677
211.500000 0.123728
212.500000 0.052681
213.500000 0.105866
214.500000 0.114005
215.500000 0.096459
216.500000 0.078771
217.500000 0.043881
218.500000 0.070463
219.500000 0.096707
220.500000 0.097401
221.500000 0.114808
222.500000 0.070538
223.500000 0.008785
224.500000 0.114521
225.500000 0.026327
226.500000 0.097527
227.500000 0.096601
228.500000 0.061169
229.500000 0.052834
230.500000 0.122761
231.500000 0.079017
232.500000 0.096613
233.500000 0.104663
234.500000 0.123347
235.500000 0.123774
236.500000 0.087899
237.500000 0.061597
238.500000 0.069840
239.500000 0.122755
240.500000 0.115144
241.500000 0.070491
242.500000 0.105198
243.500000 0.105435
244.500000 0.088047
245.500000 0.079559
246.500000 0.106425
247.500000 0.061553
248.500000 0.061162
249.500000 0.114633
250.500000 0.087139
251.500000 0.078899
252.500000 0.052654
253.500000 0.079037
254.500000 0.096122
255.500000 0.114369
256.500000 0.122942
257.500000 0.105406
258.500000 0.088393
259.500000 0.105769
260.500000 0.043927
261.500000 0.114266
262.500000 0.088303
263.500000 0.052883
264.500000 0.096949
265.500000 0.105510
266.500000 0.123663
267.500000 0.114378
268.500000 0.105870
269.500000 0.087882
270.500000 0.079258
271.500000 0.105765
272.500000 0.079558
273.500000 0.061823
274.500000 0.150114
275.500000 0.114085
276.500000 0.113552
277.500000 0.105016
278.500000 0.096862
279.500000 0.088177
280.500000 0.096222
281.500000 0.070132
282.500000 0.061025
283.500000 0.061698
284.500000 0.087748
285.500000 0.096902
286.500000 0.131867
287.500000 0.105789
288.500000 0.070699
289.500000 0.070231
290.500000 0.079282
291.500000 0.141817
292.500000 0.052783
293.500000 0.097281
294.500000 0.070656
295.500000 0.070473
296.500000 0.026446
297.500000 0.105584
298.500000 0.061511
299.500000 0.043783
