# Left column = Time after Trigger in seconds & Right column = # Counts / Exposure = Flux per cm² s
0.000000 0.062241
1.000000 0.123603
2.000000 0.308665
3.000000 0.184368
4.000000 0.184679
5.000000 0.217380
6.000000 0.185211
7.000000 0.277429
8.000000 0.093108
9.000000 0.093061
10.000000 0.061429
11.000000 0.062148
12.000000 0.123652
13.000000 0.123725
14.000000 0.092438
15.000000 0.030686
16.000000 0.092825
17.000000 0.030987
18.000000 0.154798
19.000000 0.124398
20.000000 0.216113
21.000000 0.061648
22.000000 0.123473
23.000000 0.154852
24.000000 0.093052
25.000000 0.123844
26.000000 0.092298
27.000000 0.246753
28.000000 0.185080
29.000000 0.061461
30.000000 0.122880
31.000000 0.061809
32.000000 0.123518
33.000000 0.154422
34.000000 0.093016
35.000000 0.155357
36.000000 0.185153
37.000000 0.184807
38.000000 0.030905
39.000000 0.092737
40.000000 0.092568
41.000000 0.124518
42.000000 0.154597
43.000000 0.185502
44.000000 0.215349
45.000000 0.030780
46.000000 0.185236
47.000000 0.030724
48.000000 0.092477
49.000000 0.123658
50.000000 0.061543
51.000000 0.245971
52.000000 0.186512
53.000000 0.155057
54.000000 0.154046
55.000000 0.061928
56.000000 0.218420
57.000000 0.092428
58.000000 0.031024
59.000000 0.030687
60.000000 0.093271
61.000000 0.031062
62.000000 0.092971
63.000000 0.123807
64.000000 0.215507
65.000000 0.061802
66.000000 0.092884
67.000000 0.092469
68.000000 0.092153
69.000000 0.061556
70.000000 0.030871
71.000000 0.092704
72.000000 0.185255
73.000000 0.184151
74.000000 0.030815
75.000000 0.122532
76.000000 0.123748
77.000000 0.122822
78.000000 0.092833
79.000000 0.155309
80.000000 0.245892
81.000000 0.122908
82.000000 0.061685
83.000000 0.092765
84.000000 0.061883
85.000000 0.214609
86.000000 0.061842
87.000000 0.092334
88.000000 0.245183
89.000000 0.246128
90.000000 0.124051
91.000000 0.153516
92.000000 0.122590
93.000000 0.030895
94.000000 0.030994
95.000000 0.030936
96.000000 0.092174
97.000000 0.092423
98.000000 0.030702
99.000000 0.092180
100.000000 0.153211
101.000000 0.092256
102.000000 0.061671
103.000000 0.215289
104.000000 0.030798
105.000000 0.031055
106.000000 0.216517
107.000000 0.000000
108.000000 0.092661
109.000000 0.215217
110.000000 0.062378
111.000000 0.061712
112.000000 0.061815
113.000000 0.000000
114.000000 0.092476
115.000000 0.123250
116.000000 0.123334
117.000000 0.123771
118.000000 0.061606
119.000000 0.030967
120.000000 0.093524
121.000000 0.214401
122.000000 0.123716
123.000000 0.030816
124.000000 0.062346
125.000000 0.186918
126.000000 0.123221
127.000000 0.123249
128.000000 0.030960
129.000000 0.062001
130.000000 0.061752
131.000000 0.061889
132.000000 0.123027
133.000000 0.092615
134.000000 0.061892
135.000000 0.092250
136.000000 0.092755
137.000000 0.061549
138.000000 0.092967
139.000000 0.216662
140.000000 0.030981
141.000000 0.152750
142.000000 0.030795
143.000000 0.122948
144.000000 0.061378
145.000000 0.092917
146.000000 0.092036
147.000000 0.093023
148.000000 0.092641
149.000000 0.155750
150.000000 0.061858
151.000000 0.030877
152.000000 0.061647
153.000000 0.124243
154.000000 0.092564
155.000000 0.031021
156.000000 0.030656
157.000000 0.093006
158.000000 0.246398
159.000000 0.061597
160.000000 0.185852
161.000000 0.030843
162.000000 0.061730
163.000000 0.061434
164.000000 0.092433
165.000000 0.092492
166.000000 0.093011
167.000000 0.092943
168.000000 0.030873
169.000000 0.092112
170.000000 0.000000
171.000000 0.061864
172.000000 0.092710
173.000000 0.122833
174.000000 0.030708
175.000000 0.061594
176.000000 0.124271
177.000000 0.091748
178.000000 0.061497
179.000000 0.092166
180.000000 0.154102
181.000000 0.123721
182.000000 0.061663
183.000000 0.062049
184.000000 0.123851
185.000000 0.061972
186.000000 0.092387
187.000000 0.124125
188.000000 0.092655
189.000000 0.030898
190.000000 0.092989
191.000000 0.247555
192.000000 0.030830
193.000000 0.123048
194.000000 0.061415
195.000000 0.092462
196.000000 0.062655
197.000000 0.092589
198.000000 0.154728
199.000000 0.093005
200.000000 0.218715
201.000000 0.152792
202.000000 0.123739
203.000000 0.061671
204.000000 0.092328
205.000000 0.030686
206.000000 0.122900
207.000000 0.061435
208.000000 0.061561
209.000000 0.062295
210.000000 0.000000
211.000000 0.154858
212.000000 0.092977
213.000000 0.092337
214.000000 0.061472
215.000000 0.000000
216.000000 0.153277
217.000000 0.000000
218.000000 0.031142
219.000000 0.154058
220.000000 0.030884
221.000000 0.030943
222.000000 0.061942
223.000000 0.123789
224.000000 0.123923
225.000000 0.123775
226.000000 0.123626
227.000000 0.122661
228.000000 0.122997
229.000000 0.123700
230.000000 0.092945
231.000000 0.000000
232.000000 0.184533
233.000000 0.061969
234.000000 0.154238
235.000000 0.030816
236.000000 0.061754
237.000000 0.093575
238.000000 0.092524
239.000000 0.093070
240.000000 0.030930
241.000000 0.092679
242.000000 0.030988
243.000000 0.123340
244.000000 0.000000
245.000000 0.030865
246.000000 0.061778
247.000000 0.030775
248.000000 0.030956
249.000000 0.062117
250.000000 0.123918
251.000000 0.030795
252.000000 0.092263
253.000000 0.061929
254.000000 0.216120
255.000000 0.124742
256.000000 0.093250
257.000000 0.000000
258.000000 0.000000
259.000000 0.061615
260.000000 0.062044
261.000000 0.061788
262.000000 0.061868
263.000000 0.092592
264.000000 0.123123
265.000000 0.030956
266.000000 0.030846
267.000000 0.061581
268.000000 0.123014
269.000000 0.000000
270.000000 0.093024
271.000000 0.031031
272.000000 0.030888
273.000000 0.000000
274.000000 0.030948
275.000000 0.030867
276.000000 0.030752
277.000000 0.123780
278.000000 0.062339
279.000000 0.000000
280.000000 0.062268
281.000000 0.093209
282.000000 0.030961
283.000000 0.092805
284.000000 0.062188
285.000000 0.061642
286.000000 0.000000
287.000000 0.031156
288.000000 0.061877
289.000000 0.061745
290.000000 0.185909
291.000000 0.154961
292.000000 0.000000
293.000000 0.123515
294.000000 0.061754
295.000000 0.031058
296.000000 0.061981
297.000000 0.122994
298.000000 0.092561
299.000000 0.124486
300.000000 0.092903
301.000000 0.030943
302.000000 0.061975
303.000000 0.030849
304.000000 0.122963
305.000000 0.061531
306.000000 0.000000
307.000000 0.186367
308.000000 0.558591
309.000000 0.782228
310.000000 1.000000
311.000000 0.558205
312.000000 0.341242
313.000000 0.498969
314.000000 0.717435
315.000000 0.248390
316.000000 0.401133
317.000000 0.310917
318.000000 0.435846
319.000000 0.277627
320.000000 0.184984
321.000000 0.217131
322.000000 0.154621
323.000000 0.156010
324.000000 0.155572
325.000000 0.092886
326.000000 0.155174
327.000000 0.000000
328.000000 0.093321
329.000000 0.061559
330.000000 0.093021
331.000000 0.092894
332.000000 0.030901
333.000000 0.092479
334.000000 0.061854
335.000000 0.061996
336.000000 0.031033
337.000000 0.061875
338.000000 0.030863
339.000000 0.030795
340.000000 0.153889
341.000000 0.061798
342.000000 0.124452
343.000000 0.185255
344.000000 0.000000
345.000000 0.061361
346.000000 0.062076
347.000000 0.123885
348.000000 0.030983
349.000000 0.030711
350.000000 0.062571
351.000000 0.030912
352.000000 0.062063
353.000000 0.092943
354.000000 0.123084
355.000000 0.000000
356.000000 0.092592
357.000000 0.061887
358.000000 0.030794
359.000000 0.123705
360.000000 0.000000
361.000000 0.123954
362.000000 0.124344
363.000000 0.000000
364.000000 0.031161
365.000000 0.061889
366.000000 0.030979
367.000000 0.123343
368.000000 0.061742
369.000000 0.061776
370.000000 0.000000
371.000000 0.093100
372.000000 0.062021
373.000000 0.062082
374.000000 0.000000
375.000000 0.155159
376.000000 0.092939
377.000000 0.092677
378.000000 0.154617
379.000000 0.031012
380.000000 0.123784
381.000000 0.123828
382.000000 0.217491
383.000000 0.093272
384.000000 0.062218
385.000000 0.185733
386.000000 0.031039
387.000000 0.062008
388.000000 0.155604
389.000000 0.092855
390.000000 0.154975
391.000000 0.123739
392.000000 0.061764
393.000000 0.092954
394.000000 0.031045
395.000000 0.062044
396.000000 0.155228
397.000000 0.092835
398.000000 0.061762
399.000000 0.061762
400.000000 0.093567
401.000000 0.092744
402.000000 0.030908
403.000000 0.061657
404.000000 0.061971
405.000000 0.216156
406.000000 0.061925
407.000000 0.030870
408.000000 0.061995
409.000000 0.092230
410.000000 0.246141
411.000000 0.093221
412.000000 0.093149
413.000000 0.061733
414.000000 0.155020
415.000000 0.061870
416.000000 0.031222
417.000000 0.123268
418.000000 0.185989
419.000000 0.185037
420.000000 0.124726
421.000000 0.092803
422.000000 0.185987
423.000000 0.185124
424.000000 0.123828
425.000000 0.155128
426.000000 0.093190
427.000000 0.186984
428.000000 0.093861
429.000000 0.123921
430.000000 0.155324
431.000000 0.092893
432.000000 0.248776
433.000000 0.061672
434.000000 0.093439
435.000000 0.155184
436.000000 0.124106
437.000000 0.124678
438.000000 0.123491
439.000000 0.185625
440.000000 0.249190
441.000000 0.155447
442.000000 0.123280
443.000000 0.124578
444.000000 0.249676
445.000000 0.124558
446.000000 0.123541
447.000000 0.062435
448.000000 0.154955
449.000000 0.124017
450.000000 0.124625
451.000000 0.187042
452.000000 0.186280
453.000000 0.218770
454.000000 0.249065
455.000000 0.216743
456.000000 0.279729
457.000000 0.124171
458.000000 0.062137
459.000000 0.156791
460.000000 0.184958
461.000000 0.156244
462.000000 0.155832
463.000000 0.279847
464.000000 0.372193
465.000000 0.092946
466.000000 0.218289
467.000000 0.156296
468.000000 0.186245
469.000000 0.248606
470.000000 0.216865
471.000000 0.155213
472.000000 0.217604
473.000000 0.186304
474.000000 0.062298
475.000000 0.155752
476.000000 0.402516
477.000000 0.279622
478.000000 0.249205
479.000000 0.186718
480.000000 0.187189
481.000000 0.218799
482.000000 0.062422
483.000000 0.218730
484.000000 0.248791
485.000000 0.062349
486.000000 0.188033
487.000000 0.312094
488.000000 0.280016
489.000000 0.218755
490.000000 0.062538
491.000000 0.123960
492.000000 0.186293
493.000000 0.123761
494.000000 0.124760
495.000000 0.218143
496.000000 0.062330
497.000000 0.093224
498.000000 0.189270
499.000000 0.217251
500.000000 0.155103
501.000000 0.125233
502.000000 0.124614
503.000000 0.404896
504.000000 0.217376
505.000000 0.156030
506.000000 0.062203
507.000000 0.186535
508.000000 0.313425
509.000000 0.186921
510.000000 0.156946
511.000000 0.217692
512.000000 0.217947
513.000000 0.281327
514.000000 0.062793
515.000000 0.156145
516.000000 0.251244
517.000000 0.280048
518.000000 0.157370
519.000000 0.250197
520.000000 0.310016
521.000000 0.125097
522.000000 0.249548
523.000000 0.249782
524.000000 0.157458
525.000000 0.187745
526.000000 0.157304
527.000000 0.281701
528.000000 0.124861
529.000000 0.124126
530.000000 0.186831
531.000000 0.282811
532.000000 0.062694
533.000000 0.220605
534.000000 0.031176
535.000000 0.250856
536.000000 0.188426
537.000000 0.125817
538.000000 0.217830
539.000000 0.062740
540.000000 0.124621
541.000000 0.156388
542.000000 0.187737
543.000000 0.094285
544.000000 0.249698
545.000000 0.125521
546.000000 0.218675
547.000000 0.093551
548.000000 0.093811
549.000000 0.218988
550.000000 0.188598
551.000000 0.062838
552.000000 0.094188
553.000000 0.063160
554.000000 0.188716
555.000000 0.125541
556.000000 0.282802
557.000000 0.219793
558.000000 0.124606
559.000000 0.283344
560.000000 0.219739
561.000000 0.188432
562.000000 0.093329
563.000000 0.062797
564.000000 0.469332
565.000000 0.217777
566.000000 0.125968
567.000000 0.188982
568.000000 0.093650
569.000000 0.346082
570.000000 0.125169
571.000000 0.186967
572.000000 0.126081
573.000000 0.156760
574.000000 0.062760
575.000000 0.220906
576.000000 0.156263
577.000000 0.125339
578.000000 0.253625
579.000000 0.094845
580.000000 0.284596
581.000000 0.223229
582.000000 0.062812
583.000000 0.188562
584.000000 0.188614
585.000000 0.126311
586.000000 0.126126
587.000000 0.031517
588.000000 0.125824
589.000000 0.127073
590.000000 0.063103
591.000000 0.125642
592.000000 0.125649
593.000000 0.063021
594.000000 0.095645
595.000000 0.063446
596.000000 0.188991
597.000000 0.157423
598.000000 0.157053
599.000000 0.126388
