# Left column = Time after Trigger in seconds & Right column = # Counts / Exposure = Flux per cm² s
0.000000 0.241648
1.000000 0.209863
2.000000 0.241702
3.000000 0.270121
4.000000 0.149929
5.000000 0.240352
6.000000 0.301039
7.000000 0.119810
8.000000 0.271390
9.000000 0.210502
10.000000 0.150877
11.000000 0.238704
12.000000 0.242632
13.000000 0.239567
14.000000 0.179416
15.000000 0.119590
16.000000 0.271241
17.000000 0.271276
18.000000 0.268338
19.000000 0.330124
20.000000 0.180597
21.000000 0.330954
22.000000 0.269954
23.000000 0.212418
24.000000 0.209080
25.000000 0.240467
26.000000 0.270701
27.000000 0.210575
28.000000 0.150860
29.000000 0.239089
30.000000 0.240677
31.000000 0.150111
32.000000 0.149967
33.000000 0.393710
34.000000 0.148890
35.000000 0.150469
36.000000 0.300831
37.000000 0.299292
38.000000 0.180138
39.000000 0.331768
40.000000 0.180774
41.000000 0.179761
42.000000 0.181962
43.000000 0.239015
44.000000 0.299987
45.000000 0.241139
46.000000 0.210414
47.000000 0.119635
48.000000 0.150090
49.000000 0.329092
50.000000 0.239603
51.000000 0.149048
52.000000 0.210087
53.000000 0.392152
54.000000 0.358411
55.000000 0.388556
56.000000 0.119496
57.000000 0.361012
58.000000 0.149861
59.000000 0.268937
60.000000 0.208120
61.000000 0.029823
62.000000 0.180162
63.000000 0.269384
64.000000 0.238738
65.000000 0.178514
66.000000 0.179564
67.000000 0.150197
68.000000 0.178736
69.000000 0.119754
70.000000 0.179313
71.000000 0.059797
72.000000 0.237381
73.000000 0.208401
74.000000 0.089750
75.000000 0.118697
76.000000 0.267463
77.000000 0.268411
78.000000 0.362466
79.000000 0.238281
80.000000 0.179330
81.000000 0.148787
82.000000 0.208948
83.000000 0.149730
84.000000 0.238963
85.000000 0.358840
86.000000 0.238593
87.000000 0.089375
88.000000 0.417283
89.000000 0.238921
90.000000 0.239180
91.000000 0.177564
92.000000 0.239699
93.000000 0.148943
94.000000 0.209373
95.000000 0.269796
96.000000 0.386221
97.000000 0.269583
98.000000 0.269028
99.000000 0.299596
100.000000 0.180294
101.000000 0.268301
102.000000 0.268219
103.000000 0.178754
104.000000 0.359661
105.000000 0.177514
106.000000 0.118512
107.000000 0.296795
108.000000 0.329486
109.000000 0.297795
110.000000 0.267900
111.000000 0.118222
112.000000 0.297201
113.000000 0.149104
114.000000 0.177412
115.000000 0.147884
116.000000 0.324681
117.000000 0.208283
118.000000 0.119214
119.000000 0.177639
120.000000 0.268546
121.000000 0.207179
122.000000 0.178974
123.000000 0.268932
124.000000 0.208300
125.000000 0.267451
126.000000 0.296775
127.000000 0.178800
128.000000 0.207489
129.000000 0.208384
130.000000 0.208633
131.000000 0.298572
132.000000 0.207211
133.000000 0.148700
134.000000 0.206409
135.000000 0.239769
136.000000 0.149630
137.000000 0.149151
138.000000 0.148108
139.000000 0.180743
140.000000 0.178540
141.000000 0.207296
142.000000 0.296740
143.000000 0.178145
144.000000 0.267138
145.000000 0.147523
146.000000 0.208238
147.000000 0.178353
148.000000 0.238341
149.000000 0.208962
150.000000 0.147699
151.000000 0.294718
152.000000 0.207212
153.000000 0.178939
154.000000 0.238605
155.000000 0.267082
156.000000 0.118341
157.000000 0.118107
158.000000 0.236830
159.000000 0.118752
160.000000 0.208186
161.000000 0.088931
162.000000 0.119036
163.000000 0.267965
164.000000 0.236830
165.000000 0.148311
166.000000 0.267926
167.000000 0.296376
168.000000 0.207444
169.000000 0.265305
170.000000 0.208565
171.000000 0.147878
172.000000 0.149098
173.000000 0.385464
174.000000 0.208458
175.000000 0.208412
176.000000 0.356419
177.000000 0.356247
178.000000 0.266164
179.000000 0.384733
180.000000 0.237489
181.000000 0.266824
182.000000 0.178217
183.000000 0.265888
184.000000 0.383395
185.000000 0.325920
186.000000 0.326332
187.000000 0.147341
188.000000 0.119271
189.000000 0.324773
190.000000 0.176888
191.000000 0.205723
192.000000 0.385682
193.000000 0.354507
194.000000 0.176518
195.000000 0.236815
196.000000 0.177614
197.000000 0.000000
198.000000 0.324402
199.000000 0.561331
200.000000 0.088520
201.000000 0.265805
202.000000 0.295926
203.000000 0.267302
204.000000 0.147670
205.000000 0.237119
206.000000 0.147057
207.000000 0.177464
208.000000 0.234674
209.000000 0.237231
210.000000 0.206112
211.000000 0.354494
212.000000 0.206356
213.000000 0.325374
214.000000 0.117900
215.000000 0.296600
216.000000 0.059713
217.000000 0.267329
218.000000 0.265155
219.000000 0.296800
220.000000 0.148311
221.000000 0.088014
222.000000 0.235274
223.000000 0.178275
224.000000 0.118336
225.000000 0.177944
226.000000 0.206738
227.000000 0.355103
228.000000 0.147492
229.000000 0.205912
230.000000 0.294633
231.000000 0.294870
232.000000 0.296933
233.000000 0.235751
234.000000 0.264548
235.000000 0.206227
236.000000 0.266307
237.000000 0.207115
238.000000 0.177281
239.000000 0.206608
240.000000 0.266107
241.000000 0.206507
242.000000 0.296726
243.000000 0.234506
244.000000 0.088213
245.000000 0.264067
246.000000 0.234537
247.000000 0.147609
248.000000 0.237050
249.000000 0.323145
250.000000 0.265972
251.000000 0.296353
252.000000 0.117754
253.000000 0.355219
254.000000 0.295405
255.000000 0.293022
256.000000 0.206742
257.000000 0.146727
258.000000 0.206314
259.000000 0.176402
260.000000 0.235528
261.000000 0.117963
262.000000 0.325270
263.000000 0.297768
264.000000 0.295695
265.000000 0.146814
266.000000 0.295917
267.000000 0.352156
268.000000 0.293459
269.000000 0.206158
270.000000 0.177005
271.000000 0.175530
272.000000 0.206160
273.000000 0.262966
274.000000 0.262838
275.000000 0.176396
276.000000 0.205272
277.000000 0.235391
278.000000 0.147247
279.000000 0.236450
280.000000 0.117208
281.000000 0.443021
282.000000 0.117621
283.000000 0.235191
284.000000 0.206211
285.000000 0.263641
286.000000 0.235181
287.000000 0.263745
288.000000 0.321329
289.000000 0.293497
290.000000 0.237157
291.000000 0.147162
292.000000 0.235905
293.000000 0.322752
294.000000 0.207038
295.000000 0.293534
296.000000 0.234203
297.000000 0.146259
298.000000 0.234565
299.000000 0.235043
300.000000 0.350567
301.000000 0.235166
302.000000 0.473472
303.000000 0.973328
304.000000 1.000000
305.000000 0.906307
306.000000 0.585567
307.000000 0.707508
308.000000 0.586966
309.000000 0.591303
310.000000 0.470090
311.000000 0.590666
312.000000 0.469663
313.000000 0.265032
314.000000 0.414467
315.000000 0.411400
316.000000 0.382716
317.000000 0.408560
318.000000 0.472394
319.000000 0.235202
320.000000 0.174039
321.000000 0.207081
322.000000 0.264128
323.000000 0.353571
324.000000 0.324608
325.000000 0.350560
326.000000 0.264836
327.000000 0.146943
328.000000 0.380231
329.000000 0.234467
330.000000 0.293811
331.000000 0.207314
332.000000 0.146472
333.000000 0.291814
334.000000 0.266001
335.000000 0.205927
336.000000 0.205210
337.000000 0.322745
338.000000 0.263328
339.000000 0.379927
340.000000 0.263870
341.000000 0.263962
342.000000 0.292927
343.000000 0.175695
344.000000 0.380034
345.000000 0.235278
346.000000 0.325014
347.000000 0.117144
348.000000 0.234814
349.000000 0.117169
350.000000 0.323402
351.000000 0.205225
352.000000 0.205560
353.000000 0.292368
354.000000 0.321847
355.000000 0.262203
356.000000 0.234202
357.000000 0.233883
358.000000 0.204419
359.000000 0.235560
360.000000 0.264748
361.000000 0.117398
362.000000 0.116919
363.000000 0.292747
364.000000 0.293569
365.000000 0.353602
366.000000 0.265152
367.000000 0.353699
368.000000 0.235598
369.000000 0.380689
370.000000 0.262278
371.000000 0.204953
372.000000 0.204565
373.000000 0.116069
374.000000 0.148063
375.000000 0.175455
376.000000 0.291681
377.000000 0.175282
378.000000 0.174906
379.000000 0.262790
380.000000 0.437636
381.000000 0.205031
382.000000 0.058717
383.000000 0.176274
384.000000 0.204593
385.000000 0.235796
386.000000 0.205122
387.000000 0.292164
388.000000 0.321870
389.000000 0.322141
390.000000 0.234488
391.000000 0.116907
392.000000 0.409833
393.000000 0.235152
394.000000 0.265357
395.000000 0.058343
396.000000 0.146965
397.000000 0.146841
398.000000 0.321202
399.000000 0.263405
400.000000 0.146431
401.000000 0.116608
402.000000 0.294845
403.000000 0.380190
404.000000 0.321296
405.000000 0.175840
406.000000 0.263514
407.000000 0.292288
408.000000 0.323439
409.000000 0.234286
410.000000 0.116936
411.000000 0.145683
412.000000 0.324214
413.000000 0.203966
414.000000 0.175385
415.000000 0.321917
416.000000 0.204675
417.000000 0.204512
418.000000 0.321245
419.000000 0.263716
420.000000 0.176324
421.000000 0.291455
422.000000 0.088268
423.000000 0.348671
424.000000 0.411562
425.000000 0.234035
426.000000 0.116853
427.000000 0.147132
428.000000 0.175293
429.000000 0.118095
430.000000 0.116868
431.000000 0.234269
432.000000 0.232460
433.000000 0.232707
434.000000 0.146543
435.000000 0.263944
436.000000 0.350980
437.000000 0.263686
438.000000 0.438426
439.000000 0.145938
440.000000 0.174747
441.000000 0.292218
442.000000 0.087463
443.000000 0.204867
444.000000 0.262508
445.000000 0.262603
446.000000 0.469034
447.000000 0.233451
448.000000 0.174743
449.000000 0.205290
450.000000 0.205289
451.000000 0.234873
452.000000 0.322114
453.000000 0.203613
454.000000 0.290923
455.000000 0.058333
456.000000 0.321043
457.000000 0.204584
458.000000 0.349172
459.000000 0.291872
460.000000 0.263667
461.000000 0.234870
462.000000 0.174900
463.000000 0.233658
464.000000 0.233278
465.000000 0.292243
466.000000 0.146969
467.000000 0.088259
468.000000 0.145258
469.000000 0.116298
470.000000 0.087592
471.000000 0.058120
472.000000 0.349535
473.000000 0.233803
474.000000 0.263594
475.000000 0.116569
476.000000 0.262430
477.000000 0.233219
478.000000 0.174221
479.000000 0.291866
480.000000 0.321462
481.000000 0.117152
482.000000 0.261726
483.000000 0.262841
484.000000 0.321981
485.000000 0.231467
486.000000 0.116991
487.000000 0.145475
488.000000 0.233061
489.000000 0.117124
490.000000 0.234485
491.000000 0.174073
492.000000 0.291503
493.000000 0.319928
494.000000 0.380385
495.000000 0.202901
496.000000 0.175858
497.000000 0.203910
498.000000 0.145353
499.000000 0.087410
500.000000 0.233319
501.000000 0.348309
502.000000 0.262578
503.000000 0.320598
504.000000 0.233966
505.000000 0.260277
506.000000 0.204311
507.000000 0.320401
508.000000 0.348999
509.000000 0.351765
510.000000 0.288824
511.000000 0.264535
512.000000 0.262834
513.000000 0.290870
514.000000 0.175175
515.000000 0.232711
516.000000 0.463702
517.000000 0.117090
518.000000 0.204505
519.000000 0.379203
520.000000 0.175141
521.000000 0.174467
522.000000 0.291364
523.000000 0.291336
524.000000 0.203440
525.000000 0.232129
526.000000 0.262890
527.000000 0.174590
528.000000 0.087797
529.000000 0.261546
530.000000 0.233965
531.000000 0.291416
532.000000 0.321226
533.000000 0.174367
534.000000 0.262599
535.000000 0.204075
536.000000 0.232310
537.000000 0.291458
538.000000 0.291793
539.000000 0.289663
540.000000 0.203627
541.000000 0.203415
542.000000 0.173866
543.000000 0.319833
544.000000 0.290479
545.000000 0.115999
546.000000 0.116270
547.000000 0.263857
548.000000 0.203321
549.000000 0.261582
550.000000 0.203889
551.000000 0.174730
552.000000 0.203539
553.000000 0.174662
554.000000 0.376055
555.000000 0.144980
556.000000 0.379495
557.000000 0.320805
558.000000 0.145662
559.000000 0.174923
560.000000 0.291343
561.000000 0.259924
562.000000 0.376592
563.000000 0.493550
564.000000 0.174833
565.000000 0.321212
566.000000 0.232341
567.000000 0.115924
568.000000 0.293414
569.000000 0.146565
570.000000 0.260901
571.000000 0.262674
572.000000 0.232845
573.000000 0.029042
574.000000 0.204283
575.000000 0.086842
576.000000 0.232892
577.000000 0.406108
578.000000 0.233547
579.000000 0.261132
580.000000 0.145147
581.000000 0.174950
582.000000 0.233419
583.000000 0.145197
584.000000 0.146277
585.000000 0.231582
586.000000 0.320223
587.000000 0.262669
588.000000 0.231946
589.000000 0.263046
590.000000 0.116517
591.000000 0.262440
592.000000 0.145214
593.000000 0.291683
594.000000 0.232818
595.000000 0.203235
596.000000 0.348351
597.000000 0.145509
598.000000 0.116335
599.000000 0.320215
