# Left column = Time after Trigger in seconds & Right column = # Counts / Exposure = Flux per cm² s
-299.500000 0.000000
-298.500000 0.069303
-297.500000 0.103995
-296.500000 0.069207
-295.500000 0.000000
-294.500000 0.103945
-293.500000 0.034720
-292.500000 0.034740
-291.500000 0.034763
-290.500000 0.034829
-289.500000 0.000000
-288.500000 0.000000
-287.500000 0.104062
-286.500000 0.068930
-285.500000 0.069439
-284.500000 0.034712
-283.500000 0.069314
-282.500000 0.000000
-281.500000 0.069136
-280.500000 0.000000
-279.500000 0.103789
-278.500000 0.138289
-277.500000 0.000000
-276.500000 0.000000
-275.500000 0.207964
-274.500000 0.138772
-273.500000 0.103792
-272.500000 0.069388
-271.500000 0.034841
-270.500000 0.068956
-269.500000 0.069117
-268.500000 0.069396
-267.500000 0.173212
-266.500000 0.104537
-265.500000 0.173066
-264.500000 0.207139
-263.500000 0.139176
-262.500000 0.000000
-261.500000 0.173629
-260.500000 0.069160
-259.500000 0.138191
-258.500000 0.174495
-257.500000 0.207172
-256.500000 0.069143
-255.500000 0.208291
-254.500000 0.069333
-253.500000 0.173306
-252.500000 0.069620
-251.500000 0.137627
-250.500000 0.138530
-249.500000 0.069902
-248.500000 0.138736
-247.500000 0.068906
-246.500000 0.173319
-245.500000 0.103721
-244.500000 0.103233
-243.500000 0.173209
-242.500000 0.000000
-241.500000 0.069964
-240.500000 0.242453
-239.500000 0.310792
-238.500000 0.034571
-237.500000 0.208475
-236.500000 0.173685
-235.500000 0.275847
-234.500000 0.138164
-233.500000 0.069495
-232.500000 0.173374
-231.500000 0.209803
-230.500000 0.347127
-229.500000 0.173020
-228.500000 0.034575
-227.500000 0.208343
-226.500000 0.172238
-225.500000 0.103527
-224.500000 0.242693
-223.500000 0.034660
-222.500000 0.208223
-221.500000 0.173139
-220.500000 0.174214
-219.500000 0.348501
-218.500000 0.103724
-217.500000 0.173180
-216.500000 0.068816
-215.500000 0.344415
-214.500000 0.208587
-213.500000 0.243320
-212.500000 0.241745
-211.500000 0.242252
-210.500000 0.208533
-209.500000 0.481291
-208.500000 0.208929
-207.500000 0.312061
-206.500000 0.310751
-205.500000 0.243692
-204.500000 0.208552
-203.500000 0.209001
-202.500000 0.311765
-201.500000 0.379861
-200.500000 0.103798
-199.500000 0.345949
-198.500000 0.312165
-197.500000 0.104086
-196.500000 0.137863
-195.500000 0.207594
-194.500000 0.346184
-193.500000 0.277348
-192.500000 0.207316
-191.500000 0.277663
-190.500000 0.313870
-189.500000 0.275991
-188.500000 0.206739
-187.500000 0.208228
-186.500000 0.242782
-185.500000 0.242893
-184.500000 0.312224
-183.500000 0.172332
-182.500000 0.241498
-181.500000 0.242800
-180.500000 0.276707
-179.500000 0.308826
-178.500000 0.486093
-177.500000 0.347034
-176.500000 0.448994
-175.500000 0.208357
-174.500000 0.242886
-173.500000 0.312523
-172.500000 0.242601
-171.500000 0.102955
-170.500000 0.242529
-169.500000 0.312841
-168.500000 0.276444
-167.500000 0.414687
-166.500000 0.345969
-165.500000 0.519318
-164.500000 0.381823
-163.500000 0.310679
-162.500000 0.207440
-161.500000 0.448157
-160.500000 0.381109
-159.500000 0.450085
-158.500000 0.379844
-157.500000 0.485049
-156.500000 0.069011
-155.500000 0.380689
-154.500000 0.346673
-153.500000 0.173482
-152.500000 0.413587
-151.500000 0.379698
-150.500000 0.242521
-149.500000 0.449982
-148.500000 0.313206
-147.500000 0.275866
-146.500000 0.310047
-145.500000 0.380335
-144.500000 0.691898
-143.500000 0.345608
-142.500000 0.172504
-141.500000 0.345660
-140.500000 0.413982
-139.500000 0.276707
-138.500000 0.344329
-137.500000 0.411946
-136.500000 0.347433
-135.500000 0.345832
-134.500000 0.138035
-133.500000 0.554869
-132.500000 0.310683
-131.500000 0.241072
-130.500000 0.310603
-129.500000 0.312076
-128.500000 0.277635
-127.500000 0.412641
-126.500000 0.379550
-125.500000 0.381792
-124.500000 0.381272
-123.500000 0.312278
-122.500000 0.174797
-121.500000 0.517836
-120.500000 0.382387
-119.500000 0.377947
-118.500000 0.383316
-117.500000 0.451310
-116.500000 0.276581
-115.500000 0.275506
-114.500000 0.276540
-113.500000 0.242904
-112.500000 0.138633
-111.500000 0.310613
-110.500000 0.345733
-109.500000 0.346160
-108.500000 0.277098
-107.500000 0.309802
-106.500000 0.243381
-105.500000 0.518770
-104.500000 0.555345
-103.500000 0.414280
-102.500000 0.276450
-101.500000 0.482247
-100.500000 0.241691
-99.500000 0.069125
-98.500000 0.378750
-97.500000 0.447108
-96.500000 0.311443
-95.500000 0.344178
-94.500000 0.311563
-93.500000 0.275149
-92.500000 0.242937
-91.500000 0.277909
-90.500000 0.379577
-89.500000 0.242559
-88.500000 0.278429
-87.500000 0.347098
-86.500000 0.173653
-85.500000 0.519424
-84.500000 0.310561
-83.500000 0.311998
-82.500000 0.381039
-81.500000 0.378386
-80.500000 0.485609
-79.500000 0.312604
-78.500000 0.347079
-77.500000 0.346648
-76.500000 0.311531
-75.500000 0.345734
-74.500000 0.379335
-73.500000 0.380396
-72.500000 0.346466
-71.500000 0.413402
-70.500000 0.381476
-69.500000 0.380452
-68.500000 0.312537
-67.500000 0.277953
-66.500000 0.242345
-65.500000 0.346673
-64.500000 0.447902
-63.500000 0.310257
-62.500000 0.277182
-61.500000 0.277963
-60.500000 0.344893
-59.500000 0.449084
-58.500000 0.172580
-57.500000 0.311932
-56.500000 0.590471
-55.500000 0.382894
-54.500000 0.311714
-53.500000 0.383789
-52.500000 0.484461
-51.500000 0.241261
-50.500000 0.414098
-49.500000 0.344747
-48.500000 0.278747
-47.500000 0.311542
-46.500000 0.349295
-45.500000 0.380921
-44.500000 0.346328
-43.500000 0.344752
-42.500000 0.345922
-41.500000 0.382278
-40.500000 0.381896
-39.500000 0.346033
-38.500000 0.208218
-37.500000 0.347685
-36.500000 0.416290
-35.500000 0.379510
-34.500000 0.311693
-33.500000 0.346661
-32.500000 0.311760
-31.500000 0.347747
-30.500000 0.520246
-29.500000 0.314250
-28.500000 0.312829
-27.500000 0.277319
-26.500000 0.414786
-25.500000 0.414853
-24.500000 0.311434
-23.500000 0.484204
-22.500000 0.311011
-21.500000 0.414442
-20.500000 0.623220
-19.500000 0.275672
-18.500000 0.552560
-17.500000 0.312461
-16.500000 0.243576
-15.500000 0.279476
-14.500000 0.241633
-13.500000 0.207854
-12.500000 0.556936
-11.500000 0.416941
-10.500000 0.521389
-9.500000 0.450335
-8.500000 0.415985
-7.500000 0.382371
-6.500000 0.278226
-5.500000 0.380149
-4.500000 0.380605
-3.500000 0.242911
-2.500000 0.381293
-1.500000 0.416586
-0.500000 0.347155
0.500000 0.415801
1.500000 0.491281
2.500000 0.277095
3.500000 0.555851
4.500000 0.898672
5.500000 0.766921
6.500000 0.590802
7.500000 0.940120
8.500000 0.733339
9.500000 0.764703
10.500000 0.795136
11.500000 1.000000
12.500000 0.934340
13.500000 0.591994
14.500000 0.802072
15.500000 0.662314
16.500000 0.621823
17.500000 0.624933
18.500000 0.727678
19.500000 0.557655
20.500000 0.522851
21.500000 0.381783
22.500000 0.798432
23.500000 0.763478
24.500000 0.935732
25.500000 0.589575
26.500000 0.520810
27.500000 0.485211
28.500000 0.450286
29.500000 0.554130
30.500000 0.488160
31.500000 0.278389
32.500000 0.453274
33.500000 0.380567
34.500000 0.518333
35.500000 0.593428
36.500000 0.518552
37.500000 0.692811
38.500000 0.450174
39.500000 0.554669
40.500000 0.725980
41.500000 0.382792
42.500000 0.451048
43.500000 0.279341
44.500000 0.313739
45.500000 0.381016
46.500000 0.379851
47.500000 0.521218
48.500000 0.450953
49.500000 0.277137
50.500000 0.451535
51.500000 0.346262
52.500000 0.523299
53.500000 0.313471
54.500000 0.347964
55.500000 0.380948
56.500000 0.450147
57.500000 0.347402
58.500000 0.554161
59.500000 0.277560
60.500000 0.381061
61.500000 0.347790
62.500000 0.347433
63.500000 0.450808
64.500000 0.593309
65.500000 0.486190
66.500000 0.276654
67.500000 0.311441
68.500000 0.452011
69.500000 0.556511
70.500000 0.348754
71.500000 0.486880
72.500000 0.380289
73.500000 0.453154
74.500000 0.347400
75.500000 0.381608
76.500000 0.210150
77.500000 0.659042
78.500000 0.209241
79.500000 0.208343
80.500000 0.414762
81.500000 0.418333
82.500000 0.347706
83.500000 0.278862
84.500000 0.278092
85.500000 0.312971
86.500000 0.523662
87.500000 0.348126
88.500000 0.455256
89.500000 0.382428
90.500000 0.383989
91.500000 0.417492
92.500000 0.279569
93.500000 0.489673
94.500000 0.486971
95.500000 0.315049
96.500000 0.243553
97.500000 0.242327
98.500000 0.526292
99.500000 0.454116
100.500000 0.209478
101.500000 0.417435
102.500000 0.455592
103.500000 0.417220
104.500000 0.382459
105.500000 0.207240
106.500000 0.346771
107.500000 0.208606
108.500000 0.381376
109.500000 0.383789
110.500000 0.489732
111.500000 0.314015
112.500000 0.244039
113.500000 0.420097
114.500000 0.139727
115.500000 0.348698
116.500000 0.244381
117.500000 0.627580
118.500000 0.384757
119.500000 0.278273
120.500000 0.244230
121.500000 0.313572
122.500000 0.451489
123.500000 0.313710
124.500000 0.348044
125.500000 0.383023
126.500000 0.243307
127.500000 0.348687
128.500000 0.314065
129.500000 0.314168
130.500000 0.453443
131.500000 0.419549
132.500000 0.314333
133.500000 0.383323
134.500000 0.278358
135.500000 0.312231
136.500000 0.386562
137.500000 0.487856
138.500000 0.384402
139.500000 0.348283
140.500000 0.313277
141.500000 0.352392
142.500000 0.315253
143.500000 0.279080
144.500000 0.348958
145.500000 0.279020
146.500000 0.139609
147.500000 0.381762
148.500000 0.314265
149.500000 0.489351
150.500000 0.384990
151.500000 0.385174
152.500000 0.279380
153.500000 0.351467
154.500000 0.280080
155.500000 0.174661
156.500000 0.208440
157.500000 0.454594
158.500000 0.489586
159.500000 0.347763
160.500000 0.279109
161.500000 0.245443
162.500000 0.384575
163.500000 0.452849
164.500000 0.208627
165.500000 0.348496
166.500000 0.246858
167.500000 0.282321
168.500000 0.419397
169.500000 0.245804
170.500000 0.245282
171.500000 0.209094
172.500000 0.384316
173.500000 0.279718
174.500000 0.523829
175.500000 0.453429
176.500000 0.245085
177.500000 0.349602
178.500000 0.385647
179.500000 0.451448
180.500000 0.350761
181.500000 0.597598
182.500000 0.352601
183.500000 0.209113
184.500000 0.279044
185.500000 0.419624
186.500000 0.490490
187.500000 0.279289
188.500000 0.279670
189.500000 0.526974
190.500000 0.279649
191.500000 0.174672
192.500000 0.423783
193.500000 0.349140
194.500000 0.210234
195.500000 0.525403
196.500000 0.493284
197.500000 0.245770
198.500000 0.105047
199.500000 0.388809
200.500000 0.417810
201.500000 0.420277
202.500000 0.244870
203.500000 0.352244
204.500000 0.210765
205.500000 0.209832
206.500000 0.280138
207.500000 0.313465
208.500000 0.419136
209.500000 0.350629
210.500000 0.246054
211.500000 0.349779
212.500000 0.350030
213.500000 0.351172
214.500000 0.492878
215.500000 0.279450
216.500000 0.382056
217.500000 0.280345
218.500000 0.629767
219.500000 0.316527
220.500000 0.385082
221.500000 0.386171
222.500000 0.456722
223.500000 0.315128
224.500000 0.424296
225.500000 0.280015
226.500000 0.528572
227.500000 0.419082
228.500000 0.280989
229.500000 0.348878
230.500000 0.280834
231.500000 0.278883
232.500000 0.384784
233.500000 0.386235
234.500000 0.563514
235.500000 0.386563
236.500000 0.386513
237.500000 0.421257
238.500000 0.316409
239.500000 0.315737
240.500000 0.317549
241.500000 0.280556
242.500000 0.175702
243.500000 0.455668
244.500000 0.525333
245.500000 0.279888
246.500000 0.454890
247.500000 0.279886
248.500000 0.491476
249.500000 0.454602
250.500000 0.349604
251.500000 0.453174
252.500000 0.563061
253.500000 0.314394
254.500000 0.351085
255.500000 0.245350
256.500000 0.662437
257.500000 0.351395
258.500000 0.315327
259.500000 0.280631
260.500000 0.386483
261.500000 0.244379
262.500000 0.279369
263.500000 0.350513
264.500000 0.350056
265.500000 0.280159
266.500000 0.383507
267.500000 0.350321
268.500000 0.384287
269.500000 0.315208
270.500000 0.420633
271.500000 0.352048
272.500000 0.245004
273.500000 0.314723
274.500000 0.312719
275.500000 0.349581
276.500000 0.456445
277.500000 0.630812
278.500000 0.350728
279.500000 0.243995
280.500000 0.280871
281.500000 0.279506
282.500000 0.314556
283.500000 0.314571
284.500000 0.351556
285.500000 0.387025
286.500000 0.385768
287.500000 0.459684
288.500000 0.596940
289.500000 0.387505
290.500000 0.419111
291.500000 0.247378
292.500000 0.489781
293.500000 0.246129
294.500000 0.278903
295.500000 0.312153
296.500000 0.175878
297.500000 0.422990
298.500000 0.417759
299.500000 0.421424
