# Left column = Time after Trigger in seconds & Right column = # Counts / Exposure = Flux per cm² s
-299.500000 0.057753
-298.500000 0.045892
-297.500000 0.045904
-296.500000 0.045838
-295.500000 0.040115
-294.500000 0.074279
-293.500000 0.051546
-292.500000 0.051629
-291.500000 0.034597
-290.500000 0.051417
-289.500000 0.097830
-288.500000 0.045732
-287.500000 0.051653
-286.500000 0.034397
-285.500000 0.028785
-284.500000 0.034331
-283.500000 0.022953
-282.500000 0.034316
-281.500000 0.045396
-280.500000 0.040157
-279.500000 0.051416
-278.500000 0.028594
-277.500000 0.028445
-276.500000 0.051537
-275.500000 0.040048
-274.500000 0.045824
-273.500000 0.034271
-272.500000 0.034384
-271.500000 0.045816
-270.500000 0.046143
-269.500000 0.034356
-268.500000 0.034335
-267.500000 0.080493
-266.500000 0.051222
-265.500000 0.040000
-264.500000 0.068756
-263.500000 0.080304
-262.500000 0.051576
-261.500000 0.040158
-260.500000 0.039988
-259.500000 0.051687
-258.500000 0.022965
-257.500000 0.069203
-256.500000 0.028678
-255.500000 0.040058
-254.500000 0.091411
-253.500000 0.011417
-252.500000 0.068626
-251.500000 0.034464
-250.500000 0.040188
-249.500000 0.046055
-248.500000 0.040049
-247.500000 0.040069
-246.500000 0.063396
-245.500000 0.034651
-244.500000 0.028880
-243.500000 0.040226
-242.500000 0.051342
-241.500000 0.034295
-240.500000 0.045468
-239.500000 0.028638
-238.500000 0.034459
-237.500000 0.028427
-236.500000 0.069026
-235.500000 0.034393
-234.500000 0.045639
-233.500000 0.040086
-232.500000 0.074511
-231.500000 0.068815
-230.500000 0.046077
-229.500000 0.040187
-228.500000 0.057612
-227.500000 0.075207
-226.500000 0.028862
-225.500000 0.022917
-224.500000 0.034423
-223.500000 0.028474
-222.500000 0.046021
-221.500000 0.051755
-220.500000 0.046058
-219.500000 0.045906
-218.500000 0.057439
-217.500000 0.057491
-216.500000 0.017180
-215.500000 0.034267
-214.500000 0.057004
-213.500000 0.045543
-212.500000 0.022990
-211.500000 0.063497
-210.500000 0.057438
-209.500000 0.040381
-208.500000 0.045638
-207.500000 0.063523
-206.500000 0.051582
-205.500000 0.028773
-204.500000 0.069683
-203.500000 0.068629
-202.500000 0.051882
-201.500000 0.062977
-200.500000 0.040390
-199.500000 0.057163
-198.500000 0.023031
-197.500000 0.074142
-196.500000 0.028568
-195.500000 0.040309
-194.500000 0.051621
-193.500000 0.022869
-192.500000 0.057343
-191.500000 0.085875
-190.500000 0.051037
-189.500000 0.051645
-188.500000 0.045995
-187.500000 0.051205
-186.500000 0.022936
-185.500000 0.051650
-184.500000 0.057474
-183.500000 0.039826
-182.500000 0.045916
-181.500000 0.045911
-180.500000 0.040118
-179.500000 0.057250
-178.500000 0.046013
-177.500000 0.051409
-176.500000 0.051676
-175.500000 0.045657
-174.500000 0.051368
-173.500000 0.045980
-172.500000 0.022795
-171.500000 0.057462
-170.500000 0.057450
-169.500000 0.074641
-168.500000 0.040193
-167.500000 0.040159
-166.500000 0.063380
-165.500000 0.069159
-164.500000 0.005720
-163.500000 0.045932
-162.500000 0.068723
-161.500000 0.046069
-160.500000 0.034561
-159.500000 0.034409
-158.500000 0.063139
-157.500000 0.063135
-156.500000 0.028432
-155.500000 0.022884
-154.500000 0.040401
-153.500000 0.051425
-152.500000 0.023107
-151.500000 0.040257
-150.500000 0.034622
-149.500000 0.074485
-148.500000 0.040228
-147.500000 0.051530
-146.500000 0.051744
-145.500000 0.040266
-144.500000 0.057267
-143.500000 0.074414
-142.500000 0.051968
-141.500000 0.023116
-140.500000 0.017320
-139.500000 0.034538
-138.500000 0.034150
-137.500000 0.051632
-136.500000 0.011487
-135.500000 0.045721
-134.500000 0.056897
-133.500000 0.045564
-132.500000 0.074744
-131.500000 0.057247
-130.500000 0.040086
-129.500000 0.040369
-128.500000 0.022885
-127.500000 0.074452
-126.500000 0.045939
-125.500000 0.040231
-124.500000 0.045674
-123.500000 0.057676
-122.500000 0.040244
-121.500000 0.063197
-120.500000 0.051668
-119.500000 0.005771
-118.500000 0.045951
-117.500000 0.063169
-116.500000 0.028833
-115.500000 0.063206
-114.500000 0.040040
-113.500000 0.034307
-112.500000 0.040169
-111.500000 0.017185
-110.500000 0.034894
-109.500000 0.028647
-108.500000 0.028736
-107.500000 0.051558
-106.500000 0.046002
-105.500000 0.040074
-104.500000 0.045772
-103.500000 0.034382
-102.500000 0.034645
-101.500000 0.062760
-100.500000 0.034180
-99.500000 0.017182
-98.500000 0.034454
-97.500000 0.062683
-96.500000 0.051278
-95.500000 0.068982
-94.500000 0.028549
-93.500000 0.051282
-92.500000 0.051746
-91.500000 0.068656
-90.500000 0.017172
-89.500000 0.051561
-88.500000 0.028773
-87.500000 0.045773
-86.500000 0.040164
-85.500000 0.052058
-84.500000 0.017340
-83.500000 0.034363
-82.500000 0.034260
-81.500000 0.057328
-80.500000 0.034293
-79.500000 0.040173
-78.500000 0.028741
-77.500000 0.057350
-76.500000 0.062931
-75.500000 0.057004
-74.500000 0.057203
-73.500000 0.057112
-72.500000 0.040242
-71.500000 0.040169
-70.500000 0.034377
-69.500000 0.045853
-68.500000 0.045814
-67.500000 0.028721
-66.500000 0.057523
-65.500000 0.068930
-64.500000 0.057616
-63.500000 0.022935
-62.500000 0.040086
-61.500000 0.051927
-60.500000 0.028500
-59.500000 0.051505
-58.500000 0.040122
-57.500000 0.051861
-56.500000 0.046238
-55.500000 0.045997
-54.500000 0.068680
-53.500000 0.040296
-52.500000 0.028591
-51.500000 0.062825
-50.500000 0.057369
-49.500000 0.051513
-48.500000 0.028672
-47.500000 0.040216
-46.500000 0.046193
-45.500000 0.057291
-44.500000 0.063070
-43.500000 0.063237
-42.500000 0.051261
-41.500000 0.057223
-40.500000 0.040464
-39.500000 0.069028
-38.500000 0.075160
-37.500000 0.045982
-36.500000 0.045865
-35.500000 0.051386
-34.500000 0.068624
-33.500000 0.045826
-32.500000 0.034456
-31.500000 0.063187
-30.500000 0.080819
-29.500000 0.022785
-28.500000 0.080415
-27.500000 0.062670
-26.500000 0.057173
-25.500000 0.045596
-24.500000 0.045766
-23.500000 0.034402
-22.500000 0.045984
-21.500000 0.051570
-20.500000 0.034683
-19.500000 0.045877
-18.500000 0.040297
-17.500000 0.080296
-16.500000 0.051578
-15.500000 0.091633
-14.500000 0.057496
-13.500000 0.028621
-12.500000 0.045819
-11.500000 0.045960
-10.500000 0.034570
-9.500000 0.080082
-8.500000 0.023018
-7.500000 0.068838
-6.500000 0.074596
-5.500000 0.063223
-4.500000 0.046022
-3.500000 0.079836
-2.500000 0.057446
-1.500000 0.028782
-0.500000 0.074564
0.500000 0.109053
1.500000 0.068601
2.500000 0.074331
3.500000 0.103237
4.500000 0.091944
5.500000 0.214057
6.500000 0.319592
7.500000 0.224125
8.500000 0.346777
9.500000 0.390872
10.500000 0.335015
11.500000 0.695393
12.500000 0.407505
13.500000 0.344385
14.500000 0.517500
15.500000 0.704845
16.500000 0.922397
17.500000 1.000000
18.500000 0.660178
19.500000 0.558225
20.500000 0.387279
21.500000 0.327725
22.500000 0.361523
23.500000 0.299713
24.500000 0.242105
25.500000 0.189716
26.500000 0.327109
27.500000 0.247204
28.500000 0.242351
29.500000 0.155192
30.500000 0.109056
31.500000 0.143334
32.500000 0.132659
33.500000 0.143060
34.500000 0.119933
35.500000 0.120480
36.500000 0.062839
37.500000 0.080222
38.500000 0.092234
39.500000 0.120563
40.500000 0.091719
41.500000 0.109648
42.500000 0.137609
43.500000 0.102638
44.500000 0.137615
45.500000 0.091712
46.500000 0.086566
47.500000 0.086203
48.500000 0.074671
49.500000 0.097659
50.500000 0.075408
51.500000 0.086097
52.500000 0.097339
53.500000 0.086344
54.500000 0.068423
55.500000 0.074675
56.500000 0.114318
57.500000 0.103884
58.500000 0.119782
59.500000 0.091750
60.500000 0.236484
61.500000 0.160755
62.500000 0.697873
63.500000 0.431606
64.500000 0.213683
65.500000 0.160838
66.500000 0.178040
67.500000 0.183738
68.500000 0.127063
69.500000 0.160718
70.500000 0.131724
71.500000 0.171952
72.500000 0.166324
73.500000 0.166418
74.500000 0.149135
75.500000 0.321790
76.500000 0.137844
77.500000 0.126942
78.500000 0.217448
79.500000 0.115560
80.500000 0.143767
81.500000 0.143267
82.500000 0.126718
83.500000 0.092154
84.500000 0.109277
85.500000 0.091473
86.500000 0.149824
87.500000 0.108462
88.500000 0.132208
89.500000 0.097915
90.500000 0.109087
91.500000 0.091506
92.500000 0.092267
93.500000 0.068640
94.500000 0.074461
95.500000 0.109155
96.500000 0.109716
97.500000 0.068904
98.500000 0.121064
99.500000 0.080346
100.500000 0.109715
101.500000 0.085997
102.500000 0.091415
103.500000 0.074629
104.500000 0.114043
105.500000 0.069056
106.500000 0.068421
107.500000 0.086281
108.500000 0.074808
109.500000 0.079982
110.500000 0.028781
111.500000 0.045884
112.500000 0.085372
113.500000 0.097963
114.500000 0.074477
115.500000 0.096726
116.500000 0.062857
117.500000 0.086346
118.500000 0.086311
119.500000 0.051479
120.500000 0.085814
121.500000 0.063427
122.500000 0.074146
123.500000 0.057128
124.500000 0.068985
125.500000 0.063163
126.500000 0.063000
127.500000 0.051615
128.500000 0.068306
129.500000 0.091011
130.500000 0.040476
131.500000 0.063444
132.500000 0.063065
133.500000 0.057627
134.500000 0.068612
135.500000 0.051511
136.500000 0.034208
137.500000 0.080732
138.500000 0.051613
139.500000 0.062541
140.500000 0.074268
141.500000 0.073985
142.500000 0.057257
143.500000 0.080395
144.500000 0.057401
145.500000 0.074609
146.500000 0.051487
147.500000 0.091358
148.500000 0.051607
149.500000 0.051355
150.500000 0.045899
151.500000 0.085653
152.500000 0.051564
153.500000 0.080365
154.500000 0.068795
155.500000 0.079860
156.500000 0.057396
157.500000 0.022845
158.500000 0.045613
159.500000 0.073994
160.500000 0.051333
161.500000 0.040142
162.500000 0.034286
163.500000 0.040109
164.500000 0.068523
165.500000 0.057133
166.500000 0.057158
167.500000 0.074374
168.500000 0.074209
169.500000 0.051608
170.500000 0.068710
171.500000 0.046322
172.500000 0.039950
173.500000 0.074570
174.500000 0.075263
175.500000 0.034309
176.500000 0.051587
177.500000 0.074496
178.500000 0.057210
179.500000 0.098335
180.500000 0.034391
181.500000 0.062961
182.500000 0.034447
183.500000 0.074248
184.500000 0.068742
185.500000 0.034306
186.500000 0.068884
187.500000 0.074442
188.500000 0.057365
189.500000 0.062601
190.500000 0.073938
191.500000 0.063317
192.500000 0.057109
193.500000 0.103546
194.500000 0.068819
195.500000 0.040287
196.500000 0.068829
197.500000 0.068982
198.500000 0.057967
199.500000 0.097447
200.500000 0.034210
201.500000 0.068619
202.500000 0.062867
203.500000 0.028360
204.500000 0.051270
205.500000 0.062605
206.500000 0.068763
207.500000 0.051834
208.500000 0.028816
209.500000 0.051699
210.500000 0.074455
211.500000 0.074480
212.500000 0.051716
213.500000 0.028712
214.500000 0.057176
215.500000 0.022937
216.500000 0.075020
217.500000 0.051944
218.500000 0.040194
219.500000 0.045985
220.500000 0.075038
221.500000 0.074398
222.500000 0.034283
223.500000 0.080180
224.500000 0.068505
225.500000 0.039749
226.500000 0.052055
227.500000 0.057398
228.500000 0.040447
229.500000 0.040152
230.500000 0.046113
231.500000 0.045985
232.500000 0.074290
233.500000 0.075369
234.500000 0.039876
235.500000 0.080435
236.500000 0.102538
237.500000 0.057036
238.500000 0.057617
239.500000 0.034368
240.500000 0.034444
241.500000 0.057005
242.500000 0.034533
243.500000 0.051966
244.500000 0.034240
245.500000 0.040018
246.500000 0.074113
247.500000 0.068653
248.500000 0.028456
249.500000 0.074275
250.500000 0.051776
251.500000 0.028500
252.500000 0.062816
253.500000 0.051542
254.500000 0.074502
255.500000 0.045436
256.500000 0.074704
257.500000 0.056998
258.500000 0.034388
259.500000 0.074169
260.500000 0.080078
261.500000 0.057395
262.500000 0.034249
263.500000 0.057049
264.500000 0.079885
265.500000 0.039931
266.500000 0.034452
267.500000 0.079959
268.500000 0.017096
269.500000 0.046010
270.500000 0.034558
271.500000 0.068988
272.500000 0.040324
273.500000 0.080287
274.500000 0.034467
275.500000 0.040049
276.500000 0.046122
277.500000 0.034350
278.500000 0.045583
279.500000 0.040076
280.500000 0.097329
281.500000 0.034401
282.500000 0.068743
283.500000 0.080123
284.500000 0.062920
285.500000 0.057218
286.500000 0.085849
287.500000 0.091543
288.500000 0.046122
289.500000 0.074442
290.500000 0.062850
291.500000 0.040307
292.500000 0.051763
293.500000 0.051619
294.500000 0.080306
295.500000 0.057447
296.500000 0.051277
297.500000 0.062932
298.500000 0.040067
299.500000 0.017094
