# Left column = Time after Trigger in seconds & Right column = # Counts / Exposure = Flux per cm² s
-299.500000 0.009842
-298.500000 0.009815
-297.500000 0.009726
-296.500000 0.029490
-295.500000 0.009776
-294.500000 0.019730
-293.500000 0.019767
-292.500000 0.000000
-291.500000 0.009839
-290.500000 0.029466
-289.500000 0.009804
-288.500000 0.009820
-287.500000 0.000000
-286.500000 0.009871
-285.500000 0.009910
-284.500000 0.009820
-283.500000 0.009867
-282.500000 0.019809
-281.500000 0.019561
-280.500000 0.009847
-279.500000 0.039575
-278.500000 0.029503
-277.500000 0.019666
-276.500000 0.029545
-275.500000 0.029196
-274.500000 0.000000
-273.500000 0.009844
-272.500000 0.009866
-271.500000 0.019740
-270.500000 0.019584
-269.500000 0.000000
-268.500000 0.019807
-267.500000 0.000000
-266.500000 0.019814
-265.500000 0.019606
-264.500000 0.019739
-263.500000 0.000000
-262.500000 0.019632
-261.500000 0.009879
-260.500000 0.019615
-259.500000 0.000000
-258.500000 0.049113
-257.500000 0.039473
-256.500000 0.009846
-255.500000 0.000000
-254.500000 0.029559
-253.500000 0.009855
-252.500000 0.000000
-251.500000 0.019831
-250.500000 0.039261
-249.500000 0.019725
-248.500000 0.009886
-247.500000 0.029582
-246.500000 0.068689
-245.500000 0.009846
-244.500000 0.019804
-243.500000 0.039408
-242.500000 0.019709
-241.500000 0.039412
-240.500000 0.019734
-239.500000 0.039317
-238.500000 0.019639
-237.500000 0.019658
-236.500000 0.039491
-235.500000 0.049324
-234.500000 0.049221
-233.500000 0.000000
-232.500000 0.000000
-231.500000 0.009846
-230.500000 0.019811
-229.500000 0.029697
-228.500000 0.009880
-227.500000 0.049115
-226.500000 0.009897
-225.500000 0.029597
-224.500000 0.000000
-223.500000 0.019761
-222.500000 0.009817
-221.500000 0.009830
-220.500000 0.039138
-219.500000 0.059553
-218.500000 0.019660
-217.500000 0.000000
-216.500000 0.039194
-215.500000 0.019707
-214.500000 0.009855
-213.500000 0.019466
-212.500000 0.019655
-211.500000 0.019707
-210.500000 0.019625
-209.500000 0.029660
-208.500000 0.029566
-207.500000 0.039367
-206.500000 0.000000
-205.500000 0.019653
-204.500000 0.000000
-203.500000 0.019654
-202.500000 0.019646
-201.500000 0.039497
-200.500000 0.019677
-199.500000 0.029539
-198.500000 0.009792
-197.500000 0.039171
-196.500000 0.029453
-195.500000 0.009803
-194.500000 0.029506
-193.500000 0.029660
-192.500000 0.039121
-191.500000 0.039210
-190.500000 0.079059
-189.500000 0.039633
-188.500000 0.029538
-187.500000 0.029366
-186.500000 0.019607
-185.500000 0.019670
-184.500000 0.009821
-183.500000 0.039218
-182.500000 0.039194
-181.500000 0.049131
-180.500000 0.029465
-179.500000 0.019726
-178.500000 0.039226
-177.500000 0.039456
-176.500000 0.009842
-175.500000 0.049325
-174.500000 0.019640
-173.500000 0.068751
-172.500000 0.029584
-171.500000 0.049108
-170.500000 0.029586
-169.500000 0.039462
-168.500000 0.029642
-167.500000 0.049106
-166.500000 0.039221
-165.500000 0.009874
-164.500000 0.019655
-163.500000 0.048922
-162.500000 0.049350
-161.500000 0.029373
-160.500000 0.019796
-159.500000 0.029324
-158.500000 0.068520
-157.500000 0.019633
-156.500000 0.029298
-155.500000 0.039428
-154.500000 0.078519
-153.500000 0.039141
-152.500000 0.029686
-151.500000 0.019758
-150.500000 0.029671
-149.500000 0.019729
-148.500000 0.048857
-147.500000 0.019531
-146.500000 0.019730
-145.500000 0.009792
-144.500000 0.019663
-143.500000 0.068854
-142.500000 0.049124
-141.500000 0.039563
-140.500000 0.049379
-139.500000 0.049264
-138.500000 0.059089
-137.500000 0.059430
-136.500000 0.039573
-135.500000 0.000000
-134.500000 0.039215
-133.500000 0.029432
-132.500000 0.029390
-131.500000 0.049166
-130.500000 0.039552
-129.500000 0.019454
-128.500000 0.039731
-127.500000 0.039225
-126.500000 0.059419
-125.500000 0.058916
-124.500000 0.059008
-123.500000 0.049275
-122.500000 0.009867
-121.500000 0.019724
-120.500000 0.009943
-119.500000 0.068996
-118.500000 0.068792
-117.500000 0.039443
-116.500000 0.029560
-115.500000 0.029514
-114.500000 0.019631
-113.500000 0.049325
-112.500000 0.048723
-111.500000 0.078737
-110.500000 0.029455
-109.500000 0.059406
-108.500000 0.049117
-107.500000 0.009798
-106.500000 0.059229
-105.500000 0.019612
-104.500000 0.049220
-103.500000 0.087888
-102.500000 0.087735
-101.500000 0.019585
-100.500000 0.059049
-99.500000 0.019565
-98.500000 0.068729
-97.500000 0.049016
-96.500000 0.048937
-95.500000 0.078942
-94.500000 0.029320
-93.500000 0.039647
-92.500000 0.058743
-91.500000 0.029569
-90.500000 0.029431
-89.500000 0.049262
-88.500000 0.019699
-87.500000 0.097770
-86.500000 0.019556
-85.500000 0.039174
-84.500000 0.039233
-83.500000 0.107876
-82.500000 0.088420
-81.500000 0.049028
-80.500000 0.039634
-79.500000 0.068683
-78.500000 0.049346
-77.500000 0.068756
-76.500000 0.019594
-75.500000 0.048865
-74.500000 0.068332
-73.500000 0.049124
-72.500000 0.098253
-71.500000 0.058996
-70.500000 0.019557
-69.500000 0.068256
-68.500000 0.039030
-67.500000 0.058802
-66.500000 0.048825
-65.500000 0.078849
-64.500000 0.039442
-63.500000 0.117237
-62.500000 0.029450
-61.500000 0.039253
-60.500000 0.039293
-59.500000 0.058831
-58.500000 0.107675
-57.500000 0.049196
-56.500000 0.029258
-55.500000 0.068526
-54.500000 0.058709
-53.500000 0.078442
-52.500000 0.058982
-51.500000 0.058526
-50.500000 0.039286
-49.500000 0.069130
-48.500000 0.117007
-47.500000 0.039001
-46.500000 0.097797
-45.500000 0.019580
-44.500000 0.048668
-43.500000 0.039030
-42.500000 0.088012
-41.500000 0.078881
-40.500000 0.049000
-39.500000 0.048897
-38.500000 0.058770
-37.500000 0.059225
-36.500000 0.077438
-35.500000 0.049153
-34.500000 0.039223
-33.500000 0.029414
-32.500000 0.068650
-31.500000 0.039269
-30.500000 0.048899
-29.500000 0.078397
-28.500000 0.058658
-27.500000 0.127484
-26.500000 0.029263
-25.500000 0.029282
-24.500000 0.048873
-23.500000 0.038923
-22.500000 0.039300
-21.500000 0.048996
-20.500000 0.029441
-19.500000 0.079002
-18.500000 0.097550
-17.500000 0.069102
-16.500000 0.049415
-15.500000 0.048966
-14.500000 0.068117
-13.500000 0.039229
-12.500000 0.058820
-11.500000 0.029199
-10.500000 0.078238
-9.500000 0.077779
-8.500000 0.019636
-7.500000 0.068621
-6.500000 0.078311
-5.500000 0.175789
-4.500000 0.087978
-3.500000 0.077619
-2.500000 0.088117
-1.500000 0.058775
-0.500000 0.098209
0.500000 0.147172
1.500000 0.058858
2.500000 0.058884
3.500000 0.068163
4.500000 0.088555
5.500000 0.156965
6.500000 0.545877
7.500000 0.854943
8.500000 1.000000
9.500000 0.964731
10.500000 0.886671
11.500000 0.718636
12.500000 0.739594
13.500000 0.577404
14.500000 0.420633
15.500000 0.538709
16.500000 0.354820
17.500000 0.354673
18.500000 0.274828
19.500000 0.441617
20.500000 0.294579
21.500000 0.226003
22.500000 0.224761
23.500000 0.235392
24.500000 0.165747
25.500000 0.236203
26.500000 0.205151
27.500000 0.058431
28.500000 0.127407
29.500000 0.116945
30.500000 0.107055
31.500000 0.097576
32.500000 0.107906
33.500000 0.117212
34.500000 0.078214
35.500000 0.078833
36.500000 0.146962
37.500000 0.147743
38.500000 0.117808
39.500000 0.137510
40.500000 0.087423
41.500000 0.127885
42.500000 0.088234
43.500000 0.048968
44.500000 0.117627
45.500000 0.088407
46.500000 0.126904
47.500000 0.087913
48.500000 0.147738
49.500000 0.137004
50.500000 0.068460
51.500000 0.137086
52.500000 0.058606
53.500000 0.107549
54.500000 0.117694
55.500000 0.156524
56.500000 0.088318
57.500000 0.068259
58.500000 0.117822
59.500000 0.097626
60.500000 0.165561
61.500000 0.058560
62.500000 0.077888
63.500000 0.088293
64.500000 0.049125
65.500000 0.087682
66.500000 0.068559
67.500000 0.087887
68.500000 0.117358
69.500000 0.068391
70.500000 0.058840
71.500000 0.087725
72.500000 0.127097
73.500000 0.117303
74.500000 0.078519
75.500000 0.088197
76.500000 0.058636
77.500000 0.058604
78.500000 0.117873
79.500000 0.088214
80.500000 0.078575
81.500000 0.126519
82.500000 0.108037
83.500000 0.088229
84.500000 0.068280
85.500000 0.067982
86.500000 0.107303
87.500000 0.088225
88.500000 0.098665
89.500000 0.098208
90.500000 0.107343
91.500000 0.107316
92.500000 0.097360
93.500000 0.078620
94.500000 0.049004
95.500000 0.058538
96.500000 0.117497
97.500000 0.117977
98.500000 0.087666
99.500000 0.068309
100.500000 0.058765
101.500000 0.068872
102.500000 0.117575
103.500000 0.078395
104.500000 0.097928
105.500000 0.127440
106.500000 0.068431
107.500000 0.108000
108.500000 0.126782
109.500000 0.078554
110.500000 0.059270
111.500000 0.117094
112.500000 0.087819
113.500000 0.088147
114.500000 0.127210
115.500000 0.146477
116.500000 0.068856
117.500000 0.068555
118.500000 0.048681
119.500000 0.078789
120.500000 0.058995
121.500000 0.087755
122.500000 0.107852
123.500000 0.098372
124.500000 0.078702
125.500000 0.078016
126.500000 0.068527
127.500000 0.136116
128.500000 0.088797
129.500000 0.068876
130.500000 0.088241
131.500000 0.049367
132.500000 0.107905
133.500000 0.098182
134.500000 0.048914
135.500000 0.068454
136.500000 0.068258
137.500000 0.116695
138.500000 0.127285
139.500000 0.088277
140.500000 0.068400
141.500000 0.058915
142.500000 0.088463
143.500000 0.157783
144.500000 0.137633
145.500000 0.108061
146.500000 0.078517
147.500000 0.029679
148.500000 0.059119
149.500000 0.097352
150.500000 0.098538
151.500000 0.078565
152.500000 0.088262
153.500000 0.000000
154.500000 0.079077
155.500000 0.078336
156.500000 0.098616
157.500000 0.059131
158.500000 0.077810
159.500000 0.068624
160.500000 0.117339
161.500000 0.119156
162.500000 0.117534
163.500000 0.078468
164.500000 0.118121
165.500000 0.039399
166.500000 0.145279
167.500000 0.116638
168.500000 0.107882
169.500000 0.097702
170.500000 0.058872
171.500000 0.128152
172.500000 0.078398
173.500000 0.079046
174.500000 0.078611
175.500000 0.058964
176.500000 0.107824
177.500000 0.108085
178.500000 0.068873
179.500000 0.146958
180.500000 0.078369
181.500000 0.039322
182.500000 0.097956
183.500000 0.088127
184.500000 0.108983
185.500000 0.098285
186.500000 0.088269
187.500000 0.098350
188.500000 0.078732
189.500000 0.088563
190.500000 0.039265
191.500000 0.088278
192.500000 0.117392
193.500000 0.069008
194.500000 0.068994
195.500000 0.078541
196.500000 0.137349
197.500000 0.049147
198.500000 0.059044
199.500000 0.108275
200.500000 0.048928
201.500000 0.078553
202.500000 0.088133
203.500000 0.087970
204.500000 0.078096
205.500000 0.088237
206.500000 0.088187
207.500000 0.068554
208.500000 0.098235
209.500000 0.098026
210.500000 0.078792
211.500000 0.127435
212.500000 0.128913
213.500000 0.108261
214.500000 0.079120
215.500000 0.118253
216.500000 0.098266
217.500000 0.108018
218.500000 0.049180
219.500000 0.078119
220.500000 0.208128
221.500000 0.058997
222.500000 0.108882
223.500000 0.107928
224.500000 0.137688
225.500000 0.148995
226.500000 0.048885
227.500000 0.068809
228.500000 0.107860
229.500000 0.117458
230.500000 0.078980
231.500000 0.137750
232.500000 0.078746
233.500000 0.127236
234.500000 0.068457
235.500000 0.138135
236.500000 0.078749
237.500000 0.108286
238.500000 0.069328
239.500000 0.069095
240.500000 0.165819
241.500000 0.108405
242.500000 0.059596
243.500000 0.137186
244.500000 0.088299
245.500000 0.128464
246.500000 0.078352
247.500000 0.098746
248.500000 0.039543
249.500000 0.078336
250.500000 0.088203
251.500000 0.117695
252.500000 0.039455
253.500000 0.068929
254.500000 0.039261
255.500000 0.098193
256.500000 0.068991
257.500000 0.097959
258.500000 0.098413
259.500000 0.088510
260.500000 0.059225
261.500000 0.058872
262.500000 0.108603
263.500000 0.078852
264.500000 0.098245
265.500000 0.098456
266.500000 0.078687
267.500000 0.069520
268.500000 0.117741
269.500000 0.078346
270.500000 0.107954
271.500000 0.049202
272.500000 0.097613
273.500000 0.078840
274.500000 0.107739
275.500000 0.088809
276.500000 0.069064
277.500000 0.098862
278.500000 0.069039
279.500000 0.069313
280.500000 0.178603
281.500000 0.069038
282.500000 0.049285
283.500000 0.109301
284.500000 0.109398
285.500000 0.039188
286.500000 0.059119
287.500000 0.127717
288.500000 0.069612
289.500000 0.049268
290.500000 0.079091
291.500000 0.099294
292.500000 0.109651
293.500000 0.049225
294.500000 0.088839
295.500000 0.117535
296.500000 0.117798
297.500000 0.167773
298.500000 0.069143
299.500000 0.068867
