# Left column = Time after Trigger in seconds & Right column = # Counts / Exposure = Flux per cm² s
-299.500000 0.087918
-298.500000 0.218443
-297.500000 0.087897
-296.500000 0.240810
-295.500000 0.152655
-294.500000 0.198110
-293.500000 0.197086
-292.500000 0.176013
-291.500000 0.174691
-290.500000 0.131059
-289.500000 0.175053
-288.500000 0.263739
-287.500000 0.087359
-286.500000 0.153946
-285.500000 0.174587
-284.500000 0.218410
-283.500000 0.087542
-282.500000 0.264101
-281.500000 0.220141
-280.500000 0.175335
-279.500000 0.021905
-278.500000 0.087762
-277.500000 0.131342
-276.500000 0.218580
-275.500000 0.198092
-274.500000 0.110131
-273.500000 0.175389
-272.500000 0.065812
-271.500000 0.088120
-270.500000 0.175450
-269.500000 0.199171
-268.500000 0.198544
-267.500000 0.000000
-266.500000 0.285987
-265.500000 0.175276
-264.500000 0.109245
-263.500000 0.109729
-262.500000 0.174450
-261.500000 0.087335
-260.500000 0.088039
-259.500000 0.044151
-258.500000 0.175132
-257.500000 0.197820
-256.500000 0.131999
-255.500000 0.109896
-254.500000 0.197801
-253.500000 0.087533
-252.500000 0.131185
-251.500000 0.131744
-250.500000 0.152714
-249.500000 0.219748
-248.500000 0.196554
-247.500000 0.199204
-246.500000 0.308025
-245.500000 0.153163
-244.500000 0.043719
-243.500000 0.175045
-242.500000 0.176030
-241.500000 0.242438
-240.500000 0.220389
-239.500000 0.175097
-238.500000 0.196772
-237.500000 0.131036
-236.500000 0.241102
-235.500000 0.153847
-234.500000 0.087439
-233.500000 0.110321
-232.500000 0.175572
-231.500000 0.110038
-230.500000 0.044053
-229.500000 0.261074
-228.500000 0.131245
-227.500000 0.175792
-226.500000 0.131702
-225.500000 0.198938
-224.500000 0.066245
-223.500000 0.132249
-222.500000 0.219854
-221.500000 0.087410
-220.500000 0.153978
-219.500000 0.240427
-218.500000 0.198000
-217.500000 0.109359
-216.500000 0.110379
-215.500000 0.132510
-214.500000 0.176202
-213.500000 0.131478
-212.500000 0.109888
-211.500000 0.220248
-210.500000 0.043650
-209.500000 0.219834
-208.500000 0.175781
-207.500000 0.109675
-206.500000 0.307067
-205.500000 0.153285
-204.500000 0.132507
-203.500000 0.198665
-202.500000 0.087628
-201.500000 0.153616
-200.500000 0.198164
-199.500000 0.242342
-198.500000 0.241501
-197.500000 0.109815
-196.500000 0.176509
-195.500000 0.173435
-194.500000 0.043572
-193.500000 0.218534
-192.500000 0.131651
-191.500000 0.109823
-190.500000 0.044154
-189.500000 0.153766
-188.500000 0.197873
-187.500000 0.133599
-186.500000 0.199038
-185.500000 0.153453
-184.500000 0.175280
-183.500000 0.176767
-182.500000 0.197578
-181.500000 0.197262
-180.500000 0.220272
-179.500000 0.131623
-178.500000 0.152348
-177.500000 0.021976
-176.500000 0.088058
-175.500000 0.087718
-174.500000 0.043815
-173.500000 0.219391
-172.500000 0.153321
-171.500000 0.087969
-170.500000 0.153680
-169.500000 0.153747
-168.500000 0.044134
-167.500000 0.109591
-166.500000 0.109090
-165.500000 0.131494
-164.500000 0.153831
-163.500000 0.132928
-162.500000 0.044265
-161.500000 0.109562
-160.500000 0.110112
-159.500000 0.154348
-158.500000 0.197777
-157.500000 0.175526
-156.500000 0.154030
-155.500000 0.065659
-154.500000 0.153649
-153.500000 0.109960
-152.500000 0.154138
-151.500000 0.175802
-150.500000 0.132011
-149.500000 0.175144
-148.500000 0.109472
-147.500000 0.175800
-146.500000 0.131556
-145.500000 0.154432
-144.500000 0.110044
-143.500000 0.152934
-142.500000 0.021827
-141.500000 0.177263
-140.500000 0.219979
-139.500000 0.175305
-138.500000 0.242024
-137.500000 0.153274
-136.500000 0.198702
-135.500000 0.088186
-134.500000 0.043650
-133.500000 0.131001
-132.500000 0.175997
-131.500000 0.043886
-130.500000 0.043824
-129.500000 0.153944
-128.500000 0.109431
-127.500000 0.109841
-126.500000 0.132042
-125.500000 0.109802
-124.500000 0.220480
-123.500000 0.153481
-122.500000 0.306987
-121.500000 0.174731
-120.500000 0.021954
-119.500000 0.132033
-118.500000 0.131925
-117.500000 0.308176
-116.500000 0.218897
-115.500000 0.065997
-114.500000 0.066104
-113.500000 0.131130
-112.500000 0.087692
-111.500000 0.219258
-110.500000 0.132272
-109.500000 0.153434
-108.500000 0.066101
-107.500000 0.131334
-106.500000 0.217962
-105.500000 0.087071
-104.500000 0.219656
-103.500000 0.154074
-102.500000 0.087675
-101.500000 0.240843
-100.500000 0.174070
-99.500000 0.175596
-98.500000 0.132654
-97.500000 0.110268
-96.500000 0.066028
-95.500000 0.044102
-94.500000 0.088049
-93.500000 0.131584
-92.500000 0.065334
-91.500000 0.065969
-90.500000 0.132538
-89.500000 0.110220
-88.500000 0.131828
-87.500000 0.176682
-86.500000 0.088328
-85.500000 0.044112
-84.500000 0.066220
-83.500000 0.109574
-82.500000 0.087787
-81.500000 0.066069
-80.500000 0.087582
-79.500000 0.176136
-78.500000 0.109704
-77.500000 0.265773
-76.500000 0.088181
-75.500000 0.153736
-74.500000 0.197712
-73.500000 0.198860
-72.500000 0.198849
-71.500000 0.242039
-70.500000 0.044022
-69.500000 0.065684
-68.500000 0.177270
-67.500000 0.087871
-66.500000 0.087830
-65.500000 0.131035
-64.500000 0.110455
-63.500000 0.132713
-62.500000 0.087499
-61.500000 0.086798
-60.500000 0.152583
-59.500000 0.087367
-58.500000 0.132064
-57.500000 0.110390
-56.500000 0.110585
-55.500000 0.196614
-54.500000 0.087537
-53.500000 0.108954
-52.500000 0.109308
-51.500000 0.110562
-50.500000 0.066114
-49.500000 0.174190
-48.500000 0.153249
-47.500000 0.065903
-46.500000 0.217907
-45.500000 0.087670
-44.500000 0.197637
-43.500000 0.243013
-42.500000 0.174342
-41.500000 0.066285
-40.500000 0.087787
-39.500000 0.109577
-38.500000 0.109804
-37.500000 0.175588
-36.500000 0.088241
-35.500000 0.131497
-34.500000 0.132005
-33.500000 0.044010
-32.500000 0.131758
-31.500000 0.131478
-30.500000 0.044039
-29.500000 0.131678
-28.500000 0.109910
-27.500000 0.087875
-26.500000 0.220530
-25.500000 0.109509
-24.500000 0.110928
-23.500000 0.043801
-22.500000 0.110940
-21.500000 0.065916
-20.500000 0.065948
-19.500000 0.065442
-18.500000 0.088125
-17.500000 0.109523
-16.500000 0.109453
-15.500000 0.197684
-14.500000 0.065904
-13.500000 0.109056
-12.500000 0.153421
-11.500000 0.043950
-10.500000 0.109744
-9.500000 0.131713
-8.500000 0.131537
-7.500000 0.130932
-6.500000 0.153817
-5.500000 0.065845
-4.500000 0.066209
-3.500000 0.154058
-2.500000 0.197321
-1.500000 0.109940
-0.500000 0.153785
0.500000 0.044048
1.500000 0.155353
2.500000 0.197607
3.500000 0.241345
4.500000 0.199414
5.500000 0.241313
6.500000 0.265539
7.500000 0.175382
8.500000 0.176540
9.500000 0.176535
10.500000 0.264355
11.500000 0.175568
12.500000 0.243684
13.500000 0.198116
14.500000 0.329684
15.500000 0.419851
16.500000 0.220958
17.500000 0.461712
18.500000 0.577132
19.500000 0.956579
20.500000 0.790182
21.500000 0.902754
22.500000 1.000000
23.500000 0.749173
24.500000 0.686992
25.500000 0.728956
26.500000 0.351807
27.500000 0.462295
28.500000 0.375294
29.500000 0.482097
30.500000 0.445505
31.500000 0.464468
32.500000 0.264873
33.500000 0.418190
34.500000 0.285099
35.500000 0.308921
36.500000 0.329222
37.500000 0.310295
38.500000 0.307569
39.500000 0.198321
40.500000 0.220912
41.500000 0.242834
42.500000 0.197353
43.500000 0.198109
44.500000 0.110782
45.500000 0.088308
46.500000 0.132097
47.500000 0.155127
48.500000 0.264546
49.500000 0.263368
50.500000 0.197880
51.500000 0.110836
52.500000 0.175063
53.500000 0.198958
54.500000 0.021966
55.500000 0.087532
56.500000 0.153443
57.500000 0.286089
58.500000 0.175374
59.500000 0.175690
60.500000 0.154725
61.500000 0.131188
62.500000 0.154054
63.500000 0.109687
64.500000 0.043889
65.500000 0.132319
66.500000 0.178141
67.500000 0.043946
68.500000 0.153756
69.500000 0.066014
70.500000 0.088150
71.500000 0.087955
72.500000 0.088330
73.500000 0.044076
74.500000 0.087768
75.500000 0.066255
76.500000 0.087758
77.500000 0.154656
78.500000 0.196617
79.500000 0.153349
80.500000 0.110211
81.500000 0.066459
82.500000 0.109846
83.500000 0.131965
84.500000 0.088425
85.500000 0.088107
86.500000 0.043885
87.500000 0.066114
88.500000 0.088556
89.500000 0.065938
90.500000 0.087967
91.500000 0.109800
92.500000 0.088530
93.500000 0.066212
94.500000 0.065828
95.500000 0.131534
96.500000 0.021936
97.500000 0.021963
98.500000 0.087402
99.500000 0.110049
100.500000 0.109542
101.500000 0.132903
102.500000 0.131927
103.500000 0.088175
104.500000 0.022094
105.500000 0.088139
106.500000 0.111192
107.500000 0.043822
108.500000 0.065759
109.500000 0.087881
110.500000 0.088021
111.500000 0.131519
112.500000 0.000000
113.500000 0.087811
114.500000 0.110050
115.500000 0.110985
116.500000 0.110389
117.500000 0.000000
118.500000 0.130946
119.500000 0.066108
120.500000 0.087920
121.500000 0.044231
122.500000 0.132722
123.500000 0.066122
124.500000 0.043769
125.500000 0.065891
126.500000 0.065918
127.500000 0.088331
128.500000 0.111013
129.500000 0.044061
130.500000 0.044170
131.500000 0.021951
132.500000 0.132454
133.500000 0.087638
134.500000 0.110358
135.500000 0.110338
136.500000 0.154389
137.500000 0.044191
138.500000 0.131661
139.500000 0.132921
140.500000 0.000000
141.500000 0.066298
142.500000 0.022070
143.500000 0.066324
144.500000 0.088277
145.500000 0.044063
146.500000 0.088012
147.500000 0.066124
148.500000 0.022155
149.500000 0.088278
150.500000 0.043920
151.500000 0.022002
152.500000 0.021998
153.500000 0.044115
154.500000 0.043994
155.500000 0.088470
156.500000 0.022165
157.500000 0.131488
158.500000 0.087299
159.500000 0.066169
160.500000 0.044197
161.500000 0.021998
162.500000 0.066108
163.500000 0.131893
164.500000 0.132657
165.500000 0.000000
166.500000 0.132258
167.500000 0.110289
168.500000 0.044365
169.500000 0.044069
170.500000 0.043836
171.500000 0.088234
172.500000 0.021922
173.500000 0.044034
174.500000 0.088056
175.500000 0.087888
176.500000 0.021992
177.500000 0.044184
178.500000 0.021974
179.500000 0.043954
180.500000 0.000000
181.500000 0.110707
182.500000 0.109931
183.500000 0.065523
184.500000 0.000000
185.500000 0.088232
186.500000 0.043843
187.500000 0.044052
188.500000 0.065599
189.500000 0.088027
190.500000 0.021960
191.500000 0.066061
192.500000 0.110248
193.500000 0.022068
194.500000 0.000000
195.500000 0.021969
196.500000 0.021913
197.500000 0.044110
198.500000 0.044009
199.500000 0.044110
200.500000 0.066018
201.500000 0.044019
202.500000 0.022215
203.500000 0.043949
204.500000 0.000000
205.500000 0.044146
206.500000 0.088298
207.500000 0.043922
208.500000 0.066358
209.500000 0.022054
210.500000 0.022150
211.500000 0.044042
212.500000 0.065892
213.500000 0.022159
214.500000 0.022204
215.500000 0.021996
216.500000 0.000000
217.500000 0.110150
218.500000 0.000000
219.500000 0.044347
220.500000 0.043910
221.500000 0.044543
222.500000 0.044157
223.500000 0.021970
224.500000 0.000000
225.500000 0.110453
226.500000 0.066288
227.500000 0.022150
228.500000 0.044151
229.500000 0.022092
230.500000 0.065858
231.500000 0.065661
232.500000 0.109879
233.500000 0.044425
234.500000 0.043924
235.500000 0.021975
236.500000 0.000000
237.500000 0.022101
238.500000 0.000000
239.500000 0.044037
240.500000 0.000000
241.500000 0.022219
242.500000 0.022087
243.500000 0.022281
244.500000 0.066204
245.500000 0.021963
246.500000 0.021826
247.500000 0.044057
248.500000 0.022001
249.500000 0.000000
250.500000 0.000000
251.500000 0.087565
252.500000 0.043862
253.500000 0.022106
254.500000 0.043777
255.500000 0.044292
256.500000 0.022110
257.500000 0.044461
258.500000 0.066327
259.500000 0.000000
260.500000 0.065977
261.500000 0.044074
262.500000 0.066239
263.500000 0.022015
264.500000 0.043759
265.500000 0.022108
266.500000 0.000000
267.500000 0.021968
268.500000 0.021968
269.500000 0.000000
270.500000 0.088018
271.500000 0.044260
272.500000 0.000000
273.500000 0.044724
274.500000 0.022101
275.500000 0.044221
276.500000 0.022036
277.500000 0.021997
278.500000 0.043945
279.500000 0.022062
280.500000 0.000000
281.500000 0.021892
282.500000 0.000000
283.500000 0.022013
284.500000 0.066327
285.500000 0.022137
286.500000 0.044152
287.500000 0.088078
288.500000 0.000000
289.500000 0.000000
290.500000 0.000000
291.500000 0.088587
292.500000 0.022057
293.500000 0.000000
294.500000 0.022075
295.500000 0.044436
296.500000 0.088328
297.500000 0.000000
298.500000 0.000000
299.500000 0.000000
