# Left column = Time after Trigger in seconds & Right column = # Counts / Exposure = Flux per cm² s
0.000000 0.190661
1.000000 0.084635
2.000000 0.127781
3.000000 0.169549
4.000000 0.063629
5.000000 0.063666
6.000000 0.127439
7.000000 0.190327
8.000000 0.106113
9.000000 0.147585
10.000000 0.170216
11.000000 0.232285
12.000000 0.148081
13.000000 0.126902
14.000000 0.148836
15.000000 0.084904
16.000000 0.191371
17.000000 0.170090
18.000000 0.128972
19.000000 0.084768
20.000000 0.234458
21.000000 0.170228
22.000000 0.148681
23.000000 0.106264
24.000000 0.212056
25.000000 0.063797
26.000000 0.084719
27.000000 0.127516
28.000000 0.063702
29.000000 0.126844
30.000000 0.189594
31.000000 0.106455
32.000000 0.192598
33.000000 0.190050
34.000000 0.234636
35.000000 0.106441
36.000000 0.084931
37.000000 0.127861
38.000000 0.191382
39.000000 0.064008
40.000000 0.171193
41.000000 0.148146
42.000000 0.190902
43.000000 0.212511
44.000000 0.084302
45.000000 0.212158
46.000000 0.191134
47.000000 0.149029
48.000000 0.107031
49.000000 0.128248
50.000000 0.042291
51.000000 0.191338
52.000000 0.106801
53.000000 0.128519
54.000000 0.042420
55.000000 0.148126
56.000000 0.148769
57.000000 0.106740
58.000000 0.128117
59.000000 0.234113
60.000000 0.042648
61.000000 0.084811
62.000000 0.169721
63.000000 0.194155
64.000000 0.127913
65.000000 0.191050
66.000000 0.128118
67.000000 0.257104
68.000000 0.191269
69.000000 0.170682
70.000000 0.064056
71.000000 0.191395
72.000000 0.192540
73.000000 0.256235
74.000000 0.191726
75.000000 0.127690
76.000000 0.235093
77.000000 0.149686
78.000000 0.170288
79.000000 0.213624
80.000000 0.149620
81.000000 0.213631
82.000000 0.233961
83.000000 0.085848
84.000000 0.106788
85.000000 0.233869
86.000000 0.063919
87.000000 0.128655
88.000000 0.107912
89.000000 0.150119
90.000000 0.169573
91.000000 0.085006
92.000000 0.150103
93.000000 0.149014
94.000000 0.214738
95.000000 0.236006
96.000000 0.170701
97.000000 0.214015
98.000000 0.128971
99.000000 0.150539
100.000000 0.235256
101.000000 0.255095
102.000000 0.021398
103.000000 0.106764
104.000000 0.128203
105.000000 0.150660
106.000000 0.149871
107.000000 0.084990
108.000000 0.171154
109.000000 0.149915
110.000000 0.170719
111.000000 0.192437
112.000000 0.128377
113.000000 0.043098
114.000000 0.300658
115.000000 0.255921
116.000000 0.149606
117.000000 0.128079
118.000000 0.191782
119.000000 0.194235
120.000000 0.106683
121.000000 0.085822
122.000000 0.172100
123.000000 0.107462
124.000000 0.234527
125.000000 0.107040
126.000000 0.086049
127.000000 0.063970
128.000000 0.191363
129.000000 0.277763
130.000000 0.214502
131.000000 0.149877
132.000000 0.149448
133.000000 0.171787
134.000000 0.150191
135.000000 0.192914
136.000000 0.193257
137.000000 0.170681
138.000000 0.150419
139.000000 0.042895
140.000000 0.064085
141.000000 0.106780
142.000000 0.149289
143.000000 0.107626
144.000000 0.149663
145.000000 0.279464
146.000000 0.213502
147.000000 0.128149
148.000000 0.128228
149.000000 0.214119
150.000000 0.192499
151.000000 0.278079
152.000000 0.257390
153.000000 0.214570
154.000000 0.301291
155.000000 0.042800
156.000000 0.214444
157.000000 0.322406
158.000000 0.171416
159.000000 0.277016
160.000000 0.191815
161.000000 0.107006
162.000000 0.085665
163.000000 0.213616
164.000000 0.235572
165.000000 0.128679
166.000000 0.214177
167.000000 0.064364
168.000000 0.171218
169.000000 0.107111
170.000000 0.107352
171.000000 0.212883
172.000000 0.172949
173.000000 0.172018
174.000000 0.107366
175.000000 0.215722
176.000000 0.171582
177.000000 0.281689
178.000000 0.106437
179.000000 0.236402
180.000000 0.171724
181.000000 0.085662
182.000000 0.300622
183.000000 0.064665
184.000000 0.150864
185.000000 0.280707
186.000000 0.194866
187.000000 0.217062
188.000000 0.064625
189.000000 0.280422
190.000000 0.150150
191.000000 0.171712
192.000000 0.171864
193.000000 0.149552
194.000000 0.172062
195.000000 0.172259
196.000000 0.152225
197.000000 0.173091
198.000000 0.193290
199.000000 0.108384
200.000000 0.129515
201.000000 0.172225
202.000000 0.192627
203.000000 0.214790
204.000000 0.258108
205.000000 0.064698
206.000000 0.064579
207.000000 0.128436
208.000000 0.171613
209.000000 0.194388
210.000000 0.236627
211.000000 0.106490
212.000000 0.107931
213.000000 0.299913
214.000000 0.129932
215.000000 0.151470
216.000000 0.195372
217.000000 0.129853
218.000000 0.193582
219.000000 0.172586
220.000000 0.259964
221.000000 0.237573
222.000000 0.107570
223.000000 0.237630
224.000000 0.129806
225.000000 0.283321
226.000000 0.108070
227.000000 0.129297
228.000000 0.238450
229.000000 0.215726
230.000000 0.108345
231.000000 0.237018
232.000000 0.107892
233.000000 0.260226
234.000000 0.173568
235.000000 0.215966
236.000000 0.261036
237.000000 0.086934
238.000000 0.235729
239.000000 0.258633
240.000000 0.258887
241.000000 0.191797
242.000000 0.173054
243.000000 0.195961
244.000000 0.171832
245.000000 0.280314
246.000000 0.259095
247.000000 0.194281
248.000000 0.260126
249.000000 0.129487
250.000000 0.150972
251.000000 0.108263
252.000000 0.215982
253.000000 0.215365
254.000000 0.129951
255.000000 0.172909
256.000000 0.281229
257.000000 0.129836
258.000000 0.194104
259.000000 0.151335
260.000000 0.195175
261.000000 0.216963
262.000000 0.215947
263.000000 0.151266
264.000000 0.239138
265.000000 0.194432
266.000000 0.172406
267.000000 0.259961
268.000000 0.215262
269.000000 0.128604
270.000000 0.086675
271.000000 0.130062
272.000000 0.172254
273.000000 0.131179
274.000000 0.151146
275.000000 0.281092
276.000000 0.129719
277.000000 0.130002
278.000000 0.239198
279.000000 0.195507
280.000000 0.173053
281.000000 0.172226
282.000000 0.172916
283.000000 0.260139
284.000000 0.174283
285.000000 0.240017
286.000000 0.086728
287.000000 0.217622
288.000000 0.326652
289.000000 0.152667
290.000000 0.237405
291.000000 0.195710
292.000000 0.237363
293.000000 0.280600
294.000000 0.239757
295.000000 0.173196
296.000000 0.347889
297.000000 0.216144
298.000000 0.371678
299.000000 0.173872
300.000000 0.258912
301.000000 0.456370
302.000000 0.303037
303.000000 0.764528
304.000000 0.892226
305.000000 0.811846
306.000000 0.633175
307.000000 0.436921
308.000000 0.547532
309.000000 0.787908
310.000000 0.986043
311.000000 1.000000
312.000000 0.391867
313.000000 0.303222
314.000000 0.283649
315.000000 0.240855
316.000000 0.304582
317.000000 0.283676
318.000000 0.282755
319.000000 0.152953
320.000000 0.131017
321.000000 0.216766
322.000000 0.304949
323.000000 0.392770
324.000000 0.285135
325.000000 0.396288
326.000000 0.308030
327.000000 0.240926
328.000000 0.260819
329.000000 0.219258
330.000000 0.372604
331.000000 0.175667
332.000000 0.152589
333.000000 0.175034
334.000000 0.152637
335.000000 0.241846
336.000000 0.087081
337.000000 0.217299
338.000000 0.196516
339.000000 0.240197
340.000000 0.238334
341.000000 0.131366
342.000000 0.152577
343.000000 0.132286
344.000000 0.328510
345.000000 0.197907
346.000000 0.262590
347.000000 0.108814
348.000000 0.262241
349.000000 0.261132
350.000000 0.174127
351.000000 0.217163
352.000000 0.196674
353.000000 0.349748
354.000000 0.195912
355.000000 0.109251
356.000000 0.264348
357.000000 0.262488
358.000000 0.197325
359.000000 0.218797
360.000000 0.174967
361.000000 0.196271
362.000000 0.175839
363.000000 0.263018
364.000000 0.088022
365.000000 0.043889
366.000000 0.109047
367.000000 0.413305
368.000000 0.153075
369.000000 0.109152
370.000000 0.197368
371.000000 0.282939
372.000000 0.262873
373.000000 0.196855
374.000000 0.263959
375.000000 0.197387
376.000000 0.110114
377.000000 0.262772
378.000000 0.263637
379.000000 0.330694
380.000000 0.196777
381.000000 0.176286
382.000000 0.199222
383.000000 0.329537
384.000000 0.239944
385.000000 0.287934
386.000000 0.154258
387.000000 0.307191
388.000000 0.241675
389.000000 0.196946
390.000000 0.219315
391.000000 0.221058
392.000000 0.264750
393.000000 0.109733
394.000000 0.373187
395.000000 0.197979
396.000000 0.242688
397.000000 0.287126
398.000000 0.331008
399.000000 0.220570
400.000000 0.197884
401.000000 0.196849
402.000000 0.308888
403.000000 0.442707
404.000000 0.266439
405.000000 0.286440
406.000000 0.242133
407.000000 0.288390
408.000000 0.066281
409.000000 0.220152
410.000000 0.154760
411.000000 0.308326
412.000000 0.154360
413.000000 0.220479
414.000000 0.310748
415.000000 0.243794
416.000000 0.312412
417.000000 0.199265
418.000000 0.265851
419.000000 0.199624
420.000000 0.267844
421.000000 0.401185
422.000000 0.351947
423.000000 0.176927
424.000000 0.376363
425.000000 0.312756
426.000000 0.334206
427.000000 0.288416
428.000000 0.351118
429.000000 0.444771
430.000000 0.178429
431.000000 0.290067
432.000000 0.419979
433.000000 0.242935
434.000000 0.287829
435.000000 0.310172
436.000000 0.221610
437.000000 0.384104
438.000000 0.224046
439.000000 0.288755
440.000000 0.245705
441.000000 0.335535
442.000000 0.400660
443.000000 0.312507
444.000000 0.511584
445.000000 0.200975
446.000000 0.248728
447.000000 0.354449
448.000000 0.290744
449.000000 0.289991
450.000000 0.384530
451.000000 0.243558
452.000000 0.267796
453.000000 0.378646
454.000000 0.292944
455.000000 0.291118
456.000000 0.293113
457.000000 0.198851
458.000000 0.289856
459.000000 0.358670
460.000000 0.267726
461.000000 0.446592
462.000000 0.312076
463.000000 0.356407
464.000000 0.267784
465.000000 0.202521
466.000000 0.403682
467.000000 0.313709
468.000000 0.270206
469.000000 0.178009
470.000000 0.246272
471.000000 0.358199
472.000000 0.498902
473.000000 0.225425
474.000000 0.339592
475.000000 0.406256
476.000000 0.292053
477.000000 0.245255
478.000000 0.406576
479.000000 0.337285
480.000000 0.314508
481.000000 0.294272
482.000000 0.179456
483.000000 0.290944
484.000000 0.246478
485.000000 0.223871
486.000000 0.361532
487.000000 0.250079
488.000000 0.337150
489.000000 0.291392
490.000000 0.272069
491.000000 0.203670
492.000000 0.382847
493.000000 0.248405
494.000000 0.407584
495.000000 0.452989
496.000000 0.202642
497.000000 0.357118
498.000000 0.294797
499.000000 0.295093
500.000000 0.540120
501.000000 0.295622
502.000000 0.384721
503.000000 0.272579
504.000000 0.544110
505.000000 0.273057
506.000000 0.252176
507.000000 0.386735
508.000000 0.294119
509.000000 0.318687
510.000000 0.250682
511.000000 0.251108
512.000000 0.247932
513.000000 0.248311
514.000000 0.182150
515.000000 0.341661
516.000000 0.205363
517.000000 0.247650
518.000000 0.362211
519.000000 0.225232
520.000000 0.549160
521.000000 0.270469
522.000000 0.365220
523.000000 0.384337
524.000000 0.408825
525.000000 0.386039
526.000000 0.204005
527.000000 0.204852
528.000000 0.457958
529.000000 0.319913
530.000000 0.388280
531.000000 0.228952
532.000000 0.297065
533.000000 0.340154
534.000000 0.313036
535.000000 0.250401
536.000000 0.387397
537.000000 0.388129
538.000000 0.342980
539.000000 0.366082
540.000000 0.205384
541.000000 0.159326
542.000000 0.319330
543.000000 0.114262
544.000000 0.252844
545.000000 0.227141
546.000000 0.318980
547.000000 0.228312
548.000000 0.275249
549.000000 0.364714
550.000000 0.272660
551.000000 0.227347
552.000000 0.182581
553.000000 0.250280
554.000000 0.297703
555.000000 0.251714
556.000000 0.388506
557.000000 0.344597
558.000000 0.341151
559.000000 0.295599
560.000000 0.365205
561.000000 0.405982
562.000000 0.273704
563.000000 0.273167
564.000000 0.182921
565.000000 0.389023
566.000000 0.229372
567.000000 0.231093
568.000000 0.113268
569.000000 0.369039
570.000000 0.366045
571.000000 0.228993
572.000000 0.321271
573.000000 0.138390
574.000000 0.295958
575.000000 0.480975
576.000000 0.206149
577.000000 0.274654
578.000000 0.530665
579.000000 0.250265
580.000000 0.435808
581.000000 0.453861
582.000000 0.296801
583.000000 0.482057
584.000000 0.300627
585.000000 0.430640
586.000000 0.205521
587.000000 0.394125
588.000000 0.411067
589.000000 0.342355
590.000000 0.344330
591.000000 0.252709
592.000000 0.346708
593.000000 0.348666
594.000000 0.161062
595.000000 0.321754
596.000000 0.275427
597.000000 0.319489
598.000000 0.343520
599.000000 0.411379
