# Left column = Time after Trigger in seconds & Right column = # Counts / Exposure = Flux per cm² s
0.000000 0.197340
1.000000 0.109115
2.000000 0.220314
3.000000 0.197654
4.000000 0.174593
5.000000 0.242660
6.000000 0.152993
7.000000 0.175775
8.000000 0.242434
9.000000 0.087459
10.000000 0.176665
11.000000 0.131445
12.000000 0.108936
13.000000 0.262484
14.000000 0.218142
15.000000 0.218653
16.000000 0.371845
17.000000 0.131388
18.000000 0.066041
19.000000 0.065445
20.000000 0.220111
21.000000 0.350492
22.000000 0.196983
23.000000 0.241931
24.000000 0.242434
25.000000 0.131446
26.000000 0.284721
27.000000 0.131583
28.000000 0.197057
29.000000 0.219598
30.000000 0.131904
31.000000 0.240630
32.000000 0.174476
33.000000 0.196993
34.000000 0.109338
35.000000 0.220704
36.000000 0.262097
37.000000 0.265135
38.000000 0.195252
39.000000 0.284496
40.000000 0.240752
41.000000 0.175188
42.000000 0.109438
43.000000 0.262257
44.000000 0.153057
45.000000 0.326744
46.000000 0.153039
47.000000 0.265055
48.000000 0.284452
49.000000 0.264010
50.000000 0.130472
51.000000 0.175246
52.000000 0.152796
53.000000 0.217922
54.000000 0.218580
55.000000 0.153690
56.000000 0.285762
57.000000 0.308121
58.000000 0.174519
59.000000 0.350506
60.000000 0.240593
61.000000 0.087195
62.000000 0.196783
63.000000 0.218920
64.000000 0.283419
65.000000 0.220092
66.000000 0.196537
67.000000 0.175718
68.000000 0.197953
69.000000 0.217839
70.000000 0.284362
71.000000 0.218684
72.000000 0.220635
73.000000 0.218260
74.000000 0.261919
75.000000 0.284692
76.000000 0.309141
77.000000 0.087677
78.000000 0.176143
79.000000 0.284604
80.000000 0.241726
81.000000 0.174888
82.000000 0.282963
83.000000 0.197275
84.000000 0.174659
85.000000 0.217971
86.000000 0.262578
87.000000 0.173975
88.000000 0.087509
89.000000 0.197496
90.000000 0.153682
91.000000 0.153045
92.000000 0.109597
93.000000 0.131840
94.000000 0.153997
95.000000 0.218226
96.000000 0.196541
97.000000 0.154683
98.000000 0.218471
99.000000 0.153373
100.000000 0.198411
101.000000 0.065658
102.000000 0.239918
103.000000 0.219116
104.000000 0.240681
105.000000 0.197121
106.000000 0.196396
107.000000 0.284189
108.000000 0.109704
109.000000 0.241288
110.000000 0.109354
111.000000 0.240251
112.000000 0.153871
113.000000 0.175542
114.000000 0.131692
115.000000 0.283835
116.000000 0.154027
117.000000 0.174693
118.000000 0.130870
119.000000 0.285222
120.000000 0.264087
121.000000 0.264849
122.000000 0.218934
123.000000 0.175611
124.000000 0.240214
125.000000 0.439405
126.000000 0.174990
127.000000 0.219493
128.000000 0.175109
129.000000 0.263139
130.000000 0.131798
131.000000 0.174967
132.000000 0.327619
133.000000 0.307081
134.000000 0.219167
135.000000 0.263034
136.000000 0.218116
137.000000 0.219637
138.000000 0.242158
139.000000 0.219563
140.000000 0.197525
141.000000 0.153462
142.000000 0.242152
143.000000 0.240429
144.000000 0.263247
145.000000 0.087878
146.000000 0.371405
147.000000 0.174845
148.000000 0.306945
149.000000 0.196212
150.000000 0.305766
151.000000 0.218729
152.000000 0.196839
153.000000 0.153239
154.000000 0.285002
155.000000 0.217514
156.000000 0.240706
157.000000 0.307986
158.000000 0.240452
159.000000 0.152216
160.000000 0.284393
161.000000 0.109480
162.000000 0.132088
163.000000 0.287052
164.000000 0.197555
165.000000 0.131340
166.000000 0.263120
167.000000 0.218635
168.000000 0.153689
169.000000 0.240090
170.000000 0.175034
171.000000 0.284263
172.000000 0.153851
173.000000 0.175803
174.000000 0.109258
175.000000 0.131999
176.000000 0.196631
177.000000 0.195707
178.000000 0.152353
179.000000 0.152942
180.000000 0.218610
181.000000 0.131779
182.000000 0.176034
183.000000 0.241330
184.000000 0.241276
185.000000 0.153416
186.000000 0.176836
187.000000 0.377122
188.000000 0.087124
189.000000 0.262463
190.000000 0.109736
191.000000 0.109097
192.000000 0.152016
193.000000 0.153713
194.000000 0.218841
195.000000 0.284409
196.000000 0.174545
197.000000 0.175608
198.000000 0.175004
199.000000 0.307016
200.000000 0.243375
201.000000 0.219839
202.000000 0.174948
203.000000 0.263789
204.000000 0.175810
205.000000 0.154527
206.000000 0.306037
207.000000 0.197796
208.000000 0.173945
209.000000 0.131251
210.000000 0.131738
211.000000 0.263083
212.000000 0.130621
213.000000 0.394850
214.000000 0.197761
215.000000 0.284023
216.000000 0.196348
217.000000 0.197414
218.000000 0.175490
219.000000 0.284970
220.000000 0.152752
221.000000 0.196532
222.000000 0.174612
223.000000 0.219641
224.000000 0.174251
225.000000 0.152867
226.000000 0.197441
227.000000 0.174668
228.000000 0.263519
229.000000 0.197947
230.000000 0.110018
231.000000 0.153334
232.000000 0.043781
233.000000 0.152983
234.000000 0.153474
235.000000 0.175188
236.000000 0.283712
237.000000 0.153466
238.000000 0.110182
239.000000 0.262140
240.000000 0.218998
241.000000 0.153157
242.000000 0.109635
243.000000 0.153845
244.000000 0.263801
245.000000 0.218504
246.000000 0.110146
247.000000 0.219247
248.000000 0.329877
249.000000 0.262560
250.000000 0.240261
251.000000 0.285153
252.000000 0.217775
253.000000 0.328705
254.000000 0.131298
255.000000 0.263127
256.000000 0.131150
257.000000 0.131403
258.000000 0.175848
259.000000 0.283440
260.000000 0.308231
261.000000 0.132050
262.000000 0.218782
263.000000 0.174359
264.000000 0.217608
265.000000 0.196357
266.000000 0.154088
267.000000 0.218222
268.000000 0.264968
269.000000 0.196905
270.000000 0.284192
271.000000 0.350876
272.000000 0.198211
273.000000 0.198245
274.000000 0.217804
275.000000 0.174973
276.000000 0.240166
277.000000 0.152122
278.000000 0.218235
279.000000 0.283830
280.000000 0.350230
281.000000 0.284579
282.000000 0.218806
283.000000 0.131071
284.000000 0.175954
285.000000 0.286051
286.000000 0.328648
287.000000 0.153616
288.000000 0.285265
289.000000 0.152503
290.000000 0.284284
291.000000 0.240307
292.000000 0.196692
293.000000 0.176012
294.000000 0.152744
295.000000 0.196442
296.000000 0.219444
297.000000 0.220000
298.000000 0.220275
299.000000 0.131254
300.000000 0.417083
301.000000 0.218567
302.000000 0.370431
303.000000 0.526933
304.000000 0.418742
305.000000 0.370803
306.000000 0.937995
307.000000 1.000000
308.000000 0.611489
309.000000 0.809631
310.000000 0.483229
311.000000 0.436859
312.000000 0.327709
313.000000 0.393818
314.000000 0.370394
315.000000 0.285636
316.000000 0.284708
317.000000 0.176285
318.000000 0.263461
319.000000 0.131673
320.000000 0.218797
321.000000 0.349825
322.000000 0.153955
323.000000 0.326961
324.000000 0.176152
325.000000 0.307580
326.000000 0.350580
327.000000 0.174656
328.000000 0.285114
329.000000 0.218485
330.000000 0.197250
331.000000 0.263225
332.000000 0.197317
333.000000 0.174306
334.000000 0.264197
335.000000 0.241534
336.000000 0.174965
337.000000 0.109691
338.000000 0.196918
339.000000 0.131008
340.000000 0.109113
341.000000 0.217972
342.000000 0.152064
343.000000 0.153654
344.000000 0.219909
345.000000 0.197948
346.000000 0.262317
347.000000 0.197336
348.000000 0.153076
349.000000 0.262173
350.000000 0.197171
351.000000 0.132440
352.000000 0.306479
353.000000 0.240686
354.000000 0.131505
355.000000 0.348403
356.000000 0.240101
357.000000 0.174206
358.000000 0.263475
359.000000 0.131318
360.000000 0.153829
361.000000 0.087438
362.000000 0.240901
363.000000 0.218265
364.000000 0.196162
365.000000 0.175618
366.000000 0.195889
367.000000 0.219029
368.000000 0.219292
369.000000 0.371976
370.000000 0.217569
371.000000 0.153848
372.000000 0.197076
373.000000 0.197355
374.000000 0.152275
375.000000 0.197052
376.000000 0.306294
377.000000 0.173935
378.000000 0.196663
379.000000 0.262354
380.000000 0.240563
381.000000 0.283882
382.000000 0.218464
383.000000 0.284703
384.000000 0.239501
385.000000 0.175049
386.000000 0.218744
387.000000 0.153033
388.000000 0.284802
389.000000 0.239747
390.000000 0.241493
391.000000 0.175224
392.000000 0.197630
393.000000 0.240950
394.000000 0.198360
395.000000 0.218244
396.000000 0.218450
397.000000 0.241116
398.000000 0.263245
399.000000 0.371753
400.000000 0.197254
401.000000 0.262946
402.000000 0.154013
403.000000 0.219187
404.000000 0.219194
405.000000 0.328540
406.000000 0.217683
407.000000 0.219449
408.000000 0.174589
409.000000 0.217882
410.000000 0.198129
411.000000 0.240789
412.000000 0.285130
413.000000 0.087812
414.000000 0.131164
415.000000 0.327993
416.000000 0.284473
417.000000 0.131739
418.000000 0.285258
419.000000 0.240981
420.000000 0.351377
421.000000 0.261737
422.000000 0.242322
423.000000 0.219059
424.000000 0.281747
425.000000 0.263011
426.000000 0.131427
427.000000 0.174667
428.000000 0.262959
429.000000 0.173846
430.000000 0.219086
431.000000 0.176191
432.000000 0.241227
433.000000 0.241910
434.000000 0.286144
435.000000 0.261387
436.000000 0.306362
437.000000 0.153144
438.000000 0.152651
439.000000 0.241212
440.000000 0.305778
441.000000 0.242010
442.000000 0.218478
443.000000 0.219827
444.000000 0.175326
445.000000 0.173250
446.000000 0.263964
447.000000 0.261127
448.000000 0.131282
449.000000 0.153878
450.000000 0.175986
451.000000 0.197303
452.000000 0.175458
453.000000 0.261607
454.000000 0.242628
455.000000 0.197181
456.000000 0.153253
457.000000 0.326114
458.000000 0.174363
459.000000 0.218678
460.000000 0.131736
461.000000 0.351424
462.000000 0.305953
463.000000 0.131156
464.000000 0.328634
465.000000 0.198165
466.000000 0.130973
467.000000 0.218059
468.000000 0.176256
469.000000 0.285298
470.000000 0.175102
471.000000 0.197533
472.000000 0.153237
473.000000 0.197842
474.000000 0.262832
475.000000 0.217943
476.000000 0.264069
477.000000 0.241576
478.000000 0.110172
479.000000 0.219370
480.000000 0.284689
481.000000 0.240265
482.000000 0.372297
483.000000 0.109492
484.000000 0.109747
485.000000 0.241497
486.000000 0.219109
487.000000 0.199063
488.000000 0.285526
489.000000 0.174711
490.000000 0.174562
491.000000 0.240838
492.000000 0.131771
493.000000 0.219946
494.000000 0.328907
495.000000 0.217659
496.000000 0.132202
497.000000 0.131824
498.000000 0.197807
499.000000 0.241492
500.000000 0.175484
501.000000 0.219511
502.000000 0.394052
503.000000 0.130706
504.000000 0.197860
505.000000 0.351178
506.000000 0.131354
507.000000 0.152806
508.000000 0.219642
509.000000 0.308741
510.000000 0.175775
511.000000 0.417068
512.000000 0.198161
513.000000 0.326546
514.000000 0.285127
515.000000 0.174875
516.000000 0.110311
517.000000 0.154256
518.000000 0.241051
519.000000 0.153361
520.000000 0.152972
521.000000 0.153749
522.000000 0.175332
523.000000 0.287421
524.000000 0.131476
525.000000 0.175736
526.000000 0.175638
527.000000 0.130645
528.000000 0.197595
529.000000 0.065966
530.000000 0.219209
531.000000 0.219202
532.000000 0.219137
533.000000 0.197327
534.000000 0.242914
535.000000 0.196606
536.000000 0.174076
537.000000 0.087664
538.000000 0.350422
539.000000 0.221177
540.000000 0.262788
541.000000 0.065159
542.000000 0.330724
543.000000 0.241018
544.000000 0.198269
545.000000 0.285465
546.000000 0.351624
547.000000 0.241021
548.000000 0.241665
549.000000 0.088313
550.000000 0.044094
551.000000 0.043747
552.000000 0.175775
553.000000 0.131701
554.000000 0.286764
555.000000 0.305047
556.000000 0.131096
557.000000 0.220066
558.000000 0.197439
559.000000 0.175965
560.000000 0.153241
561.000000 0.175006
562.000000 0.285336
563.000000 0.196300
564.000000 0.153862
565.000000 0.350245
566.000000 0.284531
567.000000 0.198328
568.000000 0.241297
569.000000 0.242281
570.000000 0.175397
571.000000 0.261356
572.000000 0.261762
573.000000 0.284809
574.000000 0.154079
575.000000 0.330436
576.000000 0.219453
577.000000 0.240388
578.000000 0.196876
579.000000 0.263074
580.000000 0.285127
581.000000 0.239878
582.000000 0.175488
583.000000 0.174878
584.000000 0.132481
585.000000 0.264918
586.000000 0.153985
587.000000 0.240535
588.000000 0.043792
589.000000 0.396808
590.000000 0.220925
591.000000 0.219653
592.000000 0.175657
593.000000 0.263408
594.000000 0.110189
595.000000 0.240261
596.000000 0.305736
597.000000 0.109939
598.000000 0.263780
599.000000 0.198699
