# Left column = Time after Trigger in seconds & Right column = # Counts / Exposure = Flux per cm² s
700.000000 2.187964
701.000000 4.345002
702.000000 10.850472
703.000000 6.481084
704.000000 6.492002
705.000000 7.641539
706.000000 6.510712
707.000000 9.752433
708.000000 3.273032
709.000000 3.271355
710.000000 2.159424
711.000000 2.184692
712.000000 4.346741
713.000000 4.349278
714.000000 3.249483
715.000000 1.078709
716.000000 3.263065
717.000000 1.089269
718.000000 5.441587
719.000000 4.372954
720.000000 7.597012
721.000000 2.167101
722.000000 4.340450
723.000000 5.443515
724.000000 3.271051
725.000000 4.353484
726.000000 3.244544
727.000000 8.674072
728.000000 6.506092
729.000000 2.160545
730.000000 4.319589
731.000000 2.172773
732.000000 4.342032
733.000000 5.428368
734.000000 3.269800
735.000000 5.461247
736.000000 6.508671
737.000000 6.496517
738.000000 1.086393
739.000000 3.259972
740.000000 3.254053
741.000000 4.377163
742.000000 5.434539
743.000000 6.520931
744.000000 7.570157
745.000000 1.081993
746.000000 6.511589
747.000000 1.080033
748.000000 3.250842
749.000000 4.346934
750.000000 2.163427
751.000000 8.646587
752.000000 6.556432
753.000000 5.450714
754.000000 5.415178
755.000000 2.176933
756.000000 7.678096
757.000000 3.249103
758.000000 1.090587
759.000000 1.078742
760.000000 3.278758
761.000000 1.091913
762.000000 3.268199
763.000000 4.352168
764.000000 7.575716
765.000000 2.172538
766.000000 3.265135
767.000000 3.250554
768.000000 3.239437
769.000000 2.163877
770.000000 1.085221
771.000000 3.258826
772.000000 6.512247
773.000000 6.473448
774.000000 1.083221
775.000000 4.307371
776.000000 4.350095
777.000000 4.317537
778.000000 3.263352
779.000000 5.459551
780.000000 8.643818
781.000000 4.320579
782.000000 2.168396
783.000000 3.260950
784.000000 2.175366
785.000000 7.544119
786.000000 2.173938
787.000000 3.245820
788.000000 8.618897
789.000000 8.652119
790.000000 4.360756
791.000000 5.396524
792.000000 4.309386
793.000000 1.086033
794.000000 1.089513
795.000000 1.087478
796.000000 3.240189
797.000000 3.248948
798.000000 1.079255
799.000000 3.240407
800.000000 5.385813
801.000000 3.243056
802.000000 2.167907
803.000000 7.568032
804.000000 1.082638
805.000000 1.091682
806.000000 7.611197
807.000000 0.000000
808.000000 3.257309
809.000000 7.565512
810.000000 2.192786
811.000000 2.169357
812.000000 2.172969
813.000000 0.000000
814.000000 3.250802
815.000000 4.332586
816.000000 4.335556
817.000000 4.350912
818.000000 2.165636
819.000000 1.088583
820.000000 3.287626
821.000000 7.536825
822.000000 4.348992
823.000000 1.083278
824.000000 2.191637
825.000000 6.570725
826.000000 4.331587
827.000000 4.332546
828.000000 1.088351
829.000000 2.179501
830.000000 2.170776
831.000000 2.175573
832.000000 4.324743
833.000000 3.255702
834.000000 2.175685
835.000000 3.242855
836.000000 3.260620
837.000000 2.163639
838.000000 3.268049
839.000000 7.616316
840.000000 1.089066
841.000000 5.369620
842.000000 1.082545
843.000000 4.321988
844.000000 2.157623
845.000000 3.266301
846.000000 3.235339
847.000000 3.270040
848.000000 3.256612
849.000000 5.475056
850.000000 2.174480
851.000000 1.085421
852.000000 2.167089
853.000000 4.367497
854.000000 3.253891
855.000000 1.090471
856.000000 1.077662
857.000000 3.269447
858.000000 8.661627
859.000000 2.165312
860.000000 6.533224
861.000000 1.084209
862.000000 2.170007
863.000000 2.159601
864.000000 3.249276
865.000000 3.251375
866.000000 3.269591
867.000000 3.267216
868.000000 1.085293
869.000000 3.237992
870.000000 0.000000
871.000000 2.174716
872.000000 3.259044
873.000000 4.317956
874.000000 1.079476
875.000000 2.165201
876.000000 4.368503
877.000000 3.225208
878.000000 2.161815
879.000000 3.239915
880.000000 5.417149
881.000000 4.349168
882.000000 2.167636
883.000000 2.181217
884.000000 4.353739
885.000000 2.178488
886.000000 3.247672
887.000000 4.363345
888.000000 3.257100
889.000000 1.086171
890.000000 3.268841
891.000000 8.702285
892.000000 1.083781
893.000000 4.325489
894.000000 2.158918
895.000000 3.250294
896.000000 2.202503
897.000000 3.254757
898.000000 5.439136
899.000000 3.269387
900.000000 7.688459
901.000000 5.371087
902.000000 4.349770
903.000000 2.167909
904.000000 3.245593
905.000000 1.078714
906.000000 4.320297
907.000000 2.159637
908.000000 2.164058
909.000000 2.189868
910.000000 0.000000
911.000000 5.443721
912.000000 3.268427
913.000000 3.245906
914.000000 2.160935
915.000000 0.000000
916.000000 5.388150
917.000000 0.000000
918.000000 1.094716
919.000000 5.415582
920.000000 1.085654
921.000000 1.087740
922.000000 2.177453
923.000000 4.351547
924.000000 4.356242
925.000000 4.351049
926.000000 4.345803
927.000000 4.311893
928.000000 4.323695
929.000000 4.348424
930.000000 3.267293
931.000000 0.000000
932.000000 6.486890
933.000000 2.178399
934.000000 5.421922
935.000000 1.083259
936.000000 2.170833
937.000000 3.289429
938.000000 3.252489
939.000000 3.271700
940.000000 1.087269
941.000000 3.257935
942.000000 1.089334
943.000000 4.335771
944.000000 0.000000
945.000000 1.084987
946.000000 2.171664
947.000000 1.081832
948.000000 1.088181
949.000000 2.183607
950.000000 4.356084
951.000000 1.082529
952.000000 3.243305
953.000000 2.177000
954.000000 7.597233
955.000000 4.385048
956.000000 3.278004
957.000000 0.000000
958.000000 0.000000
959.000000 2.165954
960.000000 2.181016
961.000000 2.172040
962.000000 2.174836
963.000000 3.254873
964.000000 4.328126
965.000000 1.088183
966.000000 1.084317
967.000000 2.164768
968.000000 4.324313
969.000000 0.000000
970.000000 3.270067
971.000000 1.090844
972.000000 1.085806
973.000000 0.000000
974.000000 1.087919
975.000000 1.085076
976.000000 1.081009
977.000000 4.351229
978.000000 2.191412
979.000000 0.000000
980.000000 2.188912
981.000000 3.276554
982.000000 1.088386
983.000000 3.262367
984.000000 2.186080
985.000000 2.166879
986.000000 0.000000
987.000000 1.095225
988.000000 2.175159
989.000000 2.170529
990.000000 6.535259
991.000000 5.447330
992.000000 0.000000
993.000000 4.341915
994.000000 2.170849
995.000000 1.091781
996.000000 2.178830
997.000000 4.323605
998.000000 3.253798
999.000000 4.376036
1000.000000 3.265808
1001.000000 1.087732
1002.000000 2.178594
1003.000000 1.084436
1004.000000 4.322510
1005.000000 2.162994
1006.000000 0.000000
1007.000000 6.551342
1008.000000 19.636093
1009.000000 27.497601
1010.000000 35.152923
1011.000000 19.622537
1012.000000 11.995651
1013.000000 17.540204
1014.000000 25.219936
1015.000000 8.731637
1016.000000 14.100999
1017.000000 10.929636
1018.000000 15.321266
1019.000000 9.759399
1020.000000 6.502744
1021.000000 7.632797
1022.000000 5.435367
1023.000000 5.484202
1024.000000 5.468815
1025.000000 3.265197
1026.000000 5.454809
1027.000000 0.000000
1028.000000 3.280492
1029.000000 2.163982
1030.000000 3.269959
1031.000000 3.265497
1032.000000 1.086274
1033.000000 3.250906
1034.000000 2.174337
1035.000000 2.179329
1036.000000 1.090893
1037.000000 2.175096
1038.000000 1.084938
1039.000000 1.082538
1040.000000 5.409633
1041.000000 2.172397
1042.000000 4.374849
1043.000000 6.512271
1044.000000 0.000000
1045.000000 2.157036
1046.000000 2.182149
1047.000000 4.354916
1048.000000 1.089153
1049.000000 1.079580
1050.000000 2.199541
1051.000000 1.086664
1052.000000 2.181701
1053.000000 3.267202
1054.000000 4.326757
1055.000000 0.000000
1056.000000 3.254865
1057.000000 2.175506
1058.000000 1.082502
1059.000000 4.348592
1060.000000 0.000000
1061.000000 4.357342
1062.000000 4.371050
1063.000000 0.000000
1064.000000 1.095388
1065.000000 2.175593
1066.000000 1.089003
1067.000000 4.335853
1068.000000 2.170413
1069.000000 2.171596
1070.000000 0.000000
1071.000000 3.272754
1072.000000 2.180229
1073.000000 2.182358
1074.000000 0.000000
1075.000000 5.454283
1076.000000 3.267068
1077.000000 3.257885
1078.000000 5.435225
1079.000000 1.090148
1080.000000 4.351370
1081.000000 4.352901
1082.000000 7.645455
1083.000000 3.278779
1084.000000 2.187127
1085.000000 6.529056
1086.000000 1.091099
1087.000000 2.179764
1088.000000 5.469926
1089.000000 3.264127
1090.000000 5.447826
1091.000000 4.349776
1092.000000 2.171193
1093.000000 3.267612
1094.000000 1.091332
1095.000000 2.181022
1096.000000 5.456721
1097.000000 3.263438
1098.000000 2.171101
1099.000000 2.171107
1100.000000 3.289152
1101.000000 3.260224
1102.000000 1.086491
1103.000000 2.167439
1104.000000 2.178455
1105.000000 7.598532
1106.000000 2.176848
1107.000000 1.085184
1108.000000 2.179294
1109.000000 3.242147
1110.000000 8.652575
1111.000000 3.276982
1112.000000 3.274460
1113.000000 2.170085
1114.000000 5.449419
1115.000000 2.174913
1116.000000 1.097562
1117.000000 4.333244
1118.000000 6.538044
1119.000000 6.504576
1120.000000 4.384474
1121.000000 3.262297
1122.000000 6.537971
1123.000000 6.507651
1124.000000 4.352932
1125.000000 5.453192
1126.000000 3.275914
1127.000000 6.573026
1128.000000 3.299487
1129.000000 4.356178
1130.000000 5.460091
1131.000000 3.265468
1132.000000 8.745201
1133.000000 2.167946
1134.000000 3.284655
1135.000000 5.455158
1136.000000 4.362691
1137.000000 4.382780
1138.000000 4.341072
1139.000000 6.525277
1140.000000 8.759744
1141.000000 5.464421
1142.000000 4.333666
1143.000000 4.379287
1144.000000 8.776858
1145.000000 4.378584
1146.000000 4.342819
1147.000000 2.194783
1148.000000 5.447113
1149.000000 4.359556
1150.000000 4.380929
1151.000000 6.575090
1152.000000 6.548298
1153.000000 7.690408
1154.000000 8.755367
1155.000000 7.619140
1156.000000 9.833290
1157.000000 4.364957
1158.000000 2.184305
1159.000000 5.511664
1160.000000 6.501824
1161.000000 5.492432
1162.000000 5.477956
1163.000000 9.837425
1164.000000 13.083660
1165.000000 3.267330
1166.000000 7.673512
1167.000000 5.494273
1168.000000 6.547070
1169.000000 8.739245
1170.000000 7.623450
1171.000000 5.456202
1172.000000 7.649424
1173.000000 6.549120
1174.000000 2.189951
1175.000000 5.475154
1176.000000 14.149608
1177.000000 9.829525
1178.000000 8.760299
1179.000000 6.563693
1180.000000 6.580246
1181.000000 7.691421
1182.000000 2.194321
1183.000000 7.689005
1184.000000 8.745739
1185.000000 2.191735
1186.000000 6.609908
1187.000000 10.971028
1188.000000 9.843394
1189.000000 7.689883
1190.000000 2.198377
1191.000000 4.357559
1192.000000 6.548740
1193.000000 4.350572
1194.000000 4.385693
1195.000000 7.668371
1196.000000 2.191070
1197.000000 3.277103
1198.000000 6.653399
1199.000000 7.637020
1200.000000 5.452330
1201.000000 4.402293
1202.000000 4.380546
1203.000000 14.233276
1204.000000 7.641414
1205.000000 5.484914
1206.000000 2.186627
1207.000000 6.557258
1208.000000 11.017822
1209.000000 6.570806
1210.000000 5.517113
1211.000000 7.652520
1212.000000 7.661479
1213.000000 9.889457
1214.000000 2.207373
1215.000000 5.488952
1216.000000 8.831953
1217.000000 9.844511
1218.000000 5.532014
1219.000000 8.795162
1220.000000 10.897983
1221.000000 4.397530
1222.000000 8.772339
1223.000000 8.780578
1224.000000 5.535126
1225.000000 6.599801
1226.000000 5.529712
1227.000000 9.902610
1228.000000 4.389243
1229.000000 4.363375
1230.000000 6.567661
1231.000000 9.941645
1232.000000 2.203891
1233.000000 7.754901
1234.000000 1.095939
1235.000000 8.818324
1236.000000 6.623723
1237.000000 4.422827
1238.000000 7.657352
1239.000000 2.205492
1240.000000 4.380792
1241.000000 5.497502
1242.000000 6.599503
1243.000000 3.314401
1244.000000 8.777610
1245.000000 4.412432
1246.000000 7.687054
1247.000000 3.288602
1248.000000 3.297721
1249.000000 7.698056
1250.000000 6.629755
1251.000000 2.208926
1252.000000 3.310983
1253.000000 2.220244
1254.000000 6.633922
1255.000000 4.413126
1256.000000 9.941306
1257.000000 7.726353
1258.000000 4.380279
1259.000000 9.960372
1260.000000 7.724473
1261.000000 6.623948
1262.000000 3.280799
1263.000000 2.207485
1264.000000 16.498403
1265.000000 7.655484
1266.000000 4.428146
1267.000000 6.643265
1268.000000 3.292074
1269.000000 12.165800
1270.000000 4.400064
1271.000000 6.572447
1272.000000 4.432128
1273.000000 5.510574
1274.000000 2.206207
1275.000000 7.765492
1276.000000 5.493088
1277.000000 4.406030
1278.000000 8.915674
1279.000000 3.334093
1280.000000 10.004373
1281.000000 7.847159
1282.000000 2.208040
1283.000000 6.628519
1284.000000 6.630325
1285.000000 4.440192
1286.000000 4.433700
1287.000000 1.107914
1288.000000 4.423079
1289.000000 4.466985
1290.000000 2.218238
1291.000000 4.416688
1292.000000 4.416913
1293.000000 2.215355
1294.000000 3.362204
1295.000000 2.230312
1296.000000 6.643601
1297.000000 5.533863
1298.000000 5.520862
1299.000000 4.442919
