# Left column = Time after Trigger in seconds & Right column = # Counts / Exposure = Flux per cm² s
700.000000 0.000000
701.000000 0.000000
702.000000 0.000000
703.000000 0.000000
704.000000 0.000000
705.000000 0.000000
706.000000 0.000000
707.000000 0.000000
708.000000 0.000000
709.000000 0.000000
710.000000 0.000000
711.000000 0.000000
712.000000 0.000000
713.000000 0.000000
714.000000 0.000000
715.000000 0.000000
716.000000 0.000000
717.000000 0.000000
718.000000 0.000000
719.000000 0.000000
720.000000 0.000000
721.000000 0.000000
722.000000 0.000000
723.000000 0.000000
724.000000 0.000000
725.000000 0.000000
726.000000 0.000000
727.000000 0.000000
728.000000 0.000000
729.000000 0.000000
730.000000 0.000000
731.000000 0.000000
732.000000 0.000000
733.000000 0.000000
734.000000 0.000000
735.000000 0.000000
736.000000 0.000000
737.000000 0.000000
738.000000 0.000000
739.000000 0.000000
740.000000 0.000000
741.000000 0.000000
742.000000 0.000000
743.000000 0.000000
744.000000 0.000000
745.000000 0.000000
746.000000 0.000000
747.000000 0.000000
748.000000 0.000000
749.000000 0.000000
750.000000 0.000000
751.000000 0.000000
752.000000 0.000000
753.000000 0.000000
754.000000 0.000000
755.000000 0.000000
756.000000 0.000000
757.000000 0.000000
758.000000 0.000000
759.000000 0.000000
760.000000 0.000000
761.000000 0.000000
762.000000 0.000000
763.000000 0.000000
764.000000 0.000000
765.000000 0.000000
766.000000 0.000000
767.000000 0.000000
768.000000 0.000000
769.000000 0.000000
770.000000 0.000000
771.000000 0.000000
772.000000 0.000000
773.000000 0.000000
774.000000 0.000000
775.000000 0.000000
776.000000 0.000000
777.000000 0.000000
778.000000 0.000000
779.000000 0.000000
780.000000 0.000000
781.000000 0.000000
782.000000 0.000000
783.000000 0.000000
784.000000 0.000000
785.000000 0.000000
786.000000 0.000000
787.000000 0.000000
788.000000 0.000000
789.000000 0.000000
790.000000 0.000000
791.000000 0.000000
792.000000 0.000000
793.000000 0.000000
794.000000 0.000000
795.000000 0.000000
796.000000 0.000000
797.000000 0.000000
798.000000 0.000000
799.000000 0.000000
800.000000 0.000000
801.000000 0.000000
802.000000 0.000000
803.000000 0.000000
804.000000 0.000000
805.000000 0.000000
806.000000 0.000000
807.000000 0.000000
808.000000 0.000000
809.000000 0.000000
810.000000 0.000000
811.000000 0.000000
812.000000 0.000000
813.000000 0.000000
814.000000 0.000000
815.000000 0.000000
816.000000 0.000000
817.000000 0.000000
818.000000 0.000000
819.000000 0.000000
820.000000 0.000000
821.000000 0.000000
822.000000 0.000000
823.000000 0.000000
824.000000 0.000000
825.000000 0.000000
826.000000 0.000000
827.000000 0.000000
828.000000 0.000000
829.000000 0.000000
830.000000 0.000000
831.000000 0.000000
832.000000 0.000000
833.000000 0.000000
834.000000 0.000000
835.000000 0.000000
836.000000 0.000000
837.000000 0.000000
838.000000 0.000000
839.000000 0.000000
840.000000 0.000000
841.000000 0.000000
842.000000 0.000000
843.000000 0.000000
844.000000 0.000000
845.000000 0.000000
846.000000 0.000000
847.000000 0.000000
848.000000 0.000000
849.000000 0.000000
850.000000 0.000000
851.000000 0.000000
852.000000 0.000000
853.000000 0.000000
854.000000 0.000000
855.000000 0.000000
856.000000 0.000000
857.000000 0.000000
858.000000 0.000000
859.000000 0.000000
860.000000 0.000000
861.000000 0.000000
862.000000 0.000000
863.000000 0.000000
864.000000 0.000000
865.000000 0.000000
866.000000 0.000000
867.000000 0.000000
868.000000 0.000000
869.000000 0.000000
870.000000 0.000000
871.000000 0.000000
872.000000 0.000000
873.000000 0.000000
874.000000 0.000000
875.000000 0.000000
876.000000 0.000000
877.000000 0.000000
878.000000 0.000000
879.000000 0.000000
880.000000 0.000000
881.000000 0.000000
882.000000 0.000000
883.000000 0.000000
884.000000 0.000000
885.000000 0.000000
886.000000 0.000000
887.000000 0.000000
888.000000 0.000000
889.000000 0.000000
890.000000 0.000000
891.000000 0.000000
892.000000 0.000000
893.000000 0.000000
894.000000 0.000000
895.000000 0.000000
896.000000 0.000000
897.000000 0.000000
898.000000 0.000000
899.000000 0.000000
900.000000 0.000000
901.000000 0.000000
902.000000 0.000000
903.000000 0.000000
904.000000 0.000000
905.000000 0.000000
906.000000 0.000000
907.000000 0.000000
908.000000 0.000000
909.000000 0.000000
910.000000 0.000000
911.000000 0.000000
912.000000 0.000000
913.000000 0.000000
914.000000 0.000000
915.000000 0.000000
916.000000 0.000000
917.000000 0.000000
918.000000 0.000000
919.000000 0.000000
920.000000 0.000000
921.000000 0.000000
922.000000 0.000000
923.000000 0.000000
924.000000 0.000000
925.000000 0.000000
926.000000 0.000000
927.000000 0.000000
928.000000 0.000000
929.000000 0.000000
930.000000 0.000000
931.000000 0.000000
932.000000 0.000000
933.000000 0.000000
934.000000 0.000000
935.000000 0.000000
936.000000 0.000000
937.000000 0.000000
938.000000 0.000000
939.000000 0.000000
940.000000 0.000000
941.000000 0.000000
942.000000 0.000000
943.000000 0.000000
944.000000 0.000000
945.000000 0.000000
946.000000 0.000000
947.000000 0.000000
948.000000 0.000000
949.000000 0.000000
950.000000 0.000000
951.000000 0.000000
952.000000 0.000000
953.000000 0.000000
954.000000 0.000000
955.000000 0.000000
956.000000 0.000000
957.000000 0.000000
958.000000 0.000000
959.000000 0.000000
960.000000 0.000000
961.000000 0.000000
962.000000 0.000000
963.000000 0.000000
964.000000 0.000000
965.000000 0.000000
966.000000 0.000000
967.000000 0.000000
968.000000 0.000000
969.000000 1.099215
970.000000 3.295753
971.000000 6.599587
972.000000 8.793420
973.000000 4.431418
974.000000 2.208169
975.000000 3.291426
976.000000 1.101445
977.000000 2.196168
978.000000 2.211569
979.000000 4.393912
980.000000 9.966413
981.000000 3.290134
982.000000 2.199350
983.000000 5.496664
984.000000 4.396168
985.000000 6.591480
986.000000 2.184862
987.000000 4.368931
988.000000 6.548766
989.000000 3.263524
990.000000 2.210169
991.000000 7.648459
992.000000 2.209144
993.000000 5.477662
994.000000 8.820914
995.000000 3.288397
996.000000 6.582411
997.000000 3.303228
998.000000 7.650596
999.000000 7.671159
1000.000000 5.498591
1001.000000 25.198273
1002.000000 13.262992
1003.000000 15.536908
1004.000000 81.782664
1005.000000 136.131505
1006.000000 117.231317
1007.000000 73.975636
1008.000000 48.329516
1009.000000 123.350165
1010.000000 133.695859
1011.000000 119.325130
1012.000000 70.308968
1013.000000 33.912113
1014.000000 35.014942
1015.000000 33.046262
1016.000000 28.434462
1017.000000 18.768949
1018.000000 10.969780
1019.000000 22.067664
1020.000000 18.637259
1021.000000 13.121893
1022.000000 19.689251
1023.000000 14.157803
1024.000000 14.220695
1025.000000 15.391782
1026.000000 8.682928
1027.000000 9.808426
1028.000000 10.963750
1029.000000 9.840385
1030.000000 13.178150
1031.000000 7.703114
1032.000000 7.705603
1033.000000 12.053764
1034.000000 8.774294
1035.000000 4.390447
1036.000000 13.187871
1037.000000 7.621223
1038.000000 9.830566
1039.000000 6.628751
1040.000000 4.351052
1041.000000 3.308434
1042.000000 11.023573
1043.000000 13.151545
1044.000000 4.363307
1045.000000 8.790719
1046.000000 6.582326
1047.000000 5.466615
1048.000000 1.090997
1049.000000 8.695917
1050.000000 6.572871
1051.000000 7.682834
1052.000000 8.759812
1053.000000 11.052504
1054.000000 7.652425
1055.000000 9.836095
1056.000000 9.881258
1057.000000 7.688595
1058.000000 4.350128
1059.000000 3.287860
1060.000000 6.523133
1061.000000 8.662079
1062.000000 4.368484
1063.000000 7.700562
1064.000000 9.840097
1065.000000 4.386631
1066.000000 5.493002
1067.000000 7.662876
1068.000000 4.400534
1069.000000 4.397650
1070.000000 3.288736
1071.000000 6.550231
1072.000000 6.546304
1073.000000 2.187990
1074.000000 8.822816
1075.000000 6.585292
1076.000000 2.189062
1077.000000 4.397614
1078.000000 3.278064
1079.000000 0.000000
1080.000000 3.301853
1081.000000 4.389705
1082.000000 9.917814
1083.000000 3.263487
1084.000000 3.332294
1085.000000 2.179810
1086.000000 2.184922
1087.000000 3.266171
1088.000000 2.170450
1089.000000 4.365988
1090.000000 1.095740
1091.000000 4.336325
1092.000000 4.374651
1093.000000 1.098619
1094.000000 5.472783
1095.000000 2.181937
1096.000000 2.185714
1097.000000 4.383105
1098.000000 4.369746
1099.000000 2.179406
1100.000000 0.000000
1101.000000 4.398134
1102.000000 2.197490
1103.000000 3.295792
1104.000000 4.346759
1105.000000 2.194816
1106.000000 4.383356
1107.000000 2.172656
1108.000000 2.197870
1109.000000 7.670527
1110.000000 2.181630
1111.000000 5.461891
1112.000000 2.185886
1113.000000 2.187007
1114.000000 5.505054
1115.000000 3.296624
1116.000000 3.279808
1117.000000 2.174644
1118.000000 4.388171
1119.000000 1.081386
1120.000000 4.366327
1121.000000 2.196124
1122.000000 1.099202
1123.000000 0.000000
1124.000000 4.388561
1125.000000 5.482167
1126.000000 5.503288
1127.000000 4.401413
1128.000000 6.545505
1129.000000 2.178232
1130.000000 4.379690
1131.000000 2.192457
1132.000000 5.454589
1133.000000 5.438396
1134.000000 2.193632
1135.000000 5.509287
1136.000000 1.091745
1137.000000 2.180720
1138.000000 3.271134
1139.000000 5.463545
1140.000000 2.177787
1141.000000 2.180555
1142.000000 4.387309
1143.000000 2.192878
1144.000000 3.278176
1145.000000 5.467883
1146.000000 4.371635
1147.000000 3.296915
1148.000000 3.300680
1149.000000 3.252726
1150.000000 0.000000
1151.000000 1.086258
1152.000000 1.091369
1153.000000 0.000000
1154.000000 2.185830
1155.000000 2.195570
1156.000000 1.091124
1157.000000 1.086986
1158.000000 6.543417
1159.000000 0.000000
1160.000000 3.279251
1161.000000 1.093823
1162.000000 1.094871
1163.000000 3.263361
1164.000000 2.186393
1165.000000 1.091774
1166.000000 1.091314
1167.000000 1.090330
1168.000000 2.176999
1169.000000 1.086348
1170.000000 2.191433
1171.000000 1.091413
1172.000000 0.000000
1173.000000 3.281106
1174.000000 0.000000
1175.000000 0.000000
1176.000000 0.000000
1177.000000 3.250313
1178.000000 2.172984
1179.000000 3.286690
1180.000000 2.186531
1181.000000 1.086752
1182.000000 3.287135
1183.000000 1.095172
1184.000000 4.392867
1185.000000 1.091433
1186.000000 2.180572
1187.000000 2.189098
1188.000000 3.287648
1189.000000 1.092701
1190.000000 2.197386
1191.000000 1.088473
1192.000000 2.174460
1193.000000 2.192247
1194.000000 1.092667
1195.000000 3.301045
1196.000000 1.086424
1197.000000 2.188273
1198.000000 2.185110
1199.000000 3.274625
1200.000000 1.091670
1201.000000 0.000000
1202.000000 2.197318
1203.000000 3.292300
1204.000000 2.188100
1205.000000 3.294882
1206.000000 3.292500
1207.000000 2.209252
1208.000000 3.254699
1209.000000 5.472219
1210.000000 1.090547
1211.000000 2.189566
1212.000000 1.092118
1213.000000 1.090834
1214.000000 2.183161
1215.000000 1.094281
1216.000000 2.169986
1217.000000 0.000000
1218.000000 2.184913
1219.000000 2.194016
1220.000000 1.083126
1221.000000 1.089650
1222.000000 3.289540
1223.000000 3.294303
1224.000000 1.089513
1225.000000 3.287596
1226.000000 5.497561
1227.000000 2.196493
1228.000000 1.095696
1229.000000 1.096832
1230.000000 2.181791
1231.000000 0.000000
1232.000000 0.000000
1233.000000 2.167537
1234.000000 2.181645
1235.000000 2.190100
1236.000000 3.292622
1237.000000 1.089316
1238.000000 0.000000
1239.000000 3.287994
1240.000000 3.299251
1241.000000 1.087892
1242.000000 0.000000
1243.000000 0.000000
1244.000000 0.000000
1245.000000 1.086383
1246.000000 1.086097
1247.000000 2.187477
1248.000000 1.095524
1249.000000 0.000000
1250.000000 1.091393
1251.000000 2.189623
1252.000000 2.187592
1253.000000 0.000000
1254.000000 1.096754
1255.000000 0.000000
1256.000000 1.088948
1257.000000 1.092493
1258.000000 1.090482
1259.000000 1.087990
1260.000000 0.000000
1261.000000 2.189309
1262.000000 1.093111
1263.000000 2.182536
1264.000000 2.189991
1265.000000 0.000000
1266.000000 2.180754
1267.000000 2.197457
1268.000000 2.185392
1269.000000 1.095714
1270.000000 0.000000
1271.000000 1.089230
1272.000000 0.000000
1273.000000 1.088842
1274.000000 0.000000
1275.000000 0.000000
1276.000000 1.089443
1277.000000 1.085741
1278.000000 1.083245
1279.000000 1.094412
1280.000000 1.089253
1281.000000 1.095128
1282.000000 0.000000
1283.000000 0.000000
1284.000000 1.095050
1285.000000 1.087074
1286.000000 0.000000
1287.000000 2.194202
1288.000000 2.178309
1289.000000 1.092767
1290.000000 1.092858
1291.000000 1.091109
1292.000000 1.089494
1293.000000 2.193252
1294.000000 0.000000
1295.000000 0.000000
1296.000000 0.000000
1297.000000 1.093964
1298.000000 0.000000
1299.000000 1.087965
