# Left column = Time after Trigger in seconds & Right column = # Counts / Exposure = Flux per cm² s
700.000000 4.354694
701.000000 10.819819
702.000000 4.353653
703.000000 11.927713
704.000000 7.561238
705.000000 9.812682
706.000000 9.761961
707.000000 8.718219
708.000000 8.652701
709.000000 6.491568
710.000000 8.670661
711.000000 13.063424
712.000000 4.327032
713.000000 7.625175
714.000000 8.647557
715.000000 10.818201
716.000000 4.336067
717.000000 13.081342
718.000000 10.903914
719.000000 8.684621
720.000000 1.084984
721.000000 4.346992
722.000000 6.505566
723.000000 10.826585
724.000000 9.811793
725.000000 5.454970
726.000000 8.687300
727.000000 3.259748
728.000000 4.364733
729.000000 8.690322
730.000000 9.865264
731.000000 9.834206
732.000000 0.000000
733.000000 14.165384
734.000000 8.681684
735.000000 5.411066
736.000000 5.435061
737.000000 8.640772
738.000000 4.325847
739.000000 4.360685
740.000000 2.186855
741.000000 8.674551
742.000000 9.798339
743.000000 6.538138
744.000000 5.443306
745.000000 9.797372
746.000000 4.335633
747.000000 6.497772
748.000000 6.525486
749.000000 7.564141
750.000000 10.884461
751.000000 9.735613
752.000000 9.866887
753.000000 15.256962
754.000000 7.586416
755.000000 2.165453
756.000000 8.670247
757.000000 8.719015
758.000000 12.008353
759.000000 10.916204
760.000000 8.672831
761.000000 9.746435
762.000000 6.490404
763.000000 11.942161
764.000000 7.620288
765.000000 4.331007
766.000000 5.464384
767.000000 8.696369
768.000000 5.450332
769.000000 2.182027
770.000000 12.931386
771.000000 6.500773
772.000000 8.707270
773.000000 6.523390
774.000000 9.853708
775.000000 3.281217
776.000000 6.550503
777.000000 10.889711
778.000000 4.329562
779.000000 7.626794
780.000000 11.908723
781.000000 9.807241
782.000000 5.416701
783.000000 5.467228
784.000000 6.563412
785.000000 8.727562
786.000000 6.512288
787.000000 5.442927
788.000000 10.909242
789.000000 2.162035
790.000000 10.888702
791.000000 8.706690
792.000000 5.432366
793.000000 15.209520
794.000000 7.592446
795.000000 6.563288
796.000000 9.840189
797.000000 4.340334
798.000000 7.608835
799.000000 9.815380
800.000000 12.003597
801.000000 11.961929
802.000000 5.439291
803.000000 8.742786
804.000000 8.590509
805.000000 2.158195
806.000000 10.824336
807.000000 6.520877
808.000000 5.439684
809.000000 2.187001
810.000000 7.616266
811.000000 9.800945
812.000000 6.617347
813.000000 9.858658
814.000000 7.600789
815.000000 8.681894
816.000000 8.755566
817.000000 9.786340
818.000000 9.770699
819.000000 10.910430
820.000000 6.519499
821.000000 7.546027
822.000000 1.088528
823.000000 4.361627
824.000000 4.344819
825.000000 2.170222
826.000000 10.866783
827.000000 7.594238
828.000000 4.357230
829.000000 7.612008
830.000000 7.615338
831.000000 2.186018
832.000000 5.428194
833.000000 5.403407
834.000000 6.513102
835.000000 7.619512
836.000000 6.584115
837.000000 2.192502
838.000000 5.426780
839.000000 5.454006
840.000000 7.645120
841.000000 9.796225
842.000000 8.694089
843.000000 7.629346
844.000000 3.252206
845.000000 7.610472
846.000000 5.446512
847.000000 7.634689
848.000000 8.707725
849.000000 6.538697
850.000000 8.675172
851.000000 5.422333
852.000000 8.707632
853.000000 6.516183
854.000000 7.649274
855.000000 5.450649
856.000000 7.575081
857.000000 1.081130
858.000000 8.780121
859.000000 10.895899
860.000000 8.683119
861.000000 11.987816
862.000000 7.591907
863.000000 9.842010
864.000000 4.367981
865.000000 2.162034
866.000000 6.488669
867.000000 8.717394
868.000000 2.173763
869.000000 2.170695
870.000000 7.625079
871.000000 5.420279
872.000000 5.440589
873.000000 6.540232
874.000000 5.438662
875.000000 10.920716
876.000000 7.602129
877.000000 15.205522
878.000000 8.654693
879.000000 1.087399
880.000000 6.539821
881.000000 6.534439
882.000000 15.264443
883.000000 10.842314
884.000000 3.268957
885.000000 3.274232
886.000000 6.495073
887.000000 4.343522
888.000000 10.860208
889.000000 6.551657
890.000000 7.599808
891.000000 3.274068
892.000000 6.505201
893.000000 10.795974
894.000000 4.312747
895.000000 10.879906
896.000000 7.631501
897.000000 4.342698
898.000000 11.929316
899.000000 8.621964
900.000000 8.697525
901.000000 6.570572
902.000000 5.461733
903.000000 3.270475
904.000000 2.184463
905.000000 4.361191
906.000000 6.517578
907.000000 3.236077
908.000000 3.267530
909.000000 6.564833
910.000000 5.459373
911.000000 6.529653
912.000000 8.751316
913.000000 4.375022
914.000000 2.184950
915.000000 3.279985
916.000000 5.427349
917.000000 4.348205
918.000000 3.272518
919.000000 4.338093
920.000000 8.724278
921.000000 5.433797
922.000000 13.164125
923.000000 4.367728
924.000000 7.614769
925.000000 9.792997
926.000000 9.849844
927.000000 9.849315
928.000000 11.988545
929.000000 2.180462
930.000000 3.253443
931.000000 8.780462
932.000000 4.352382
933.000000 4.350363
934.000000 6.490383
935.000000 5.470995
936.000000 6.573475
937.000000 4.333945
938.000000 4.299217
939.000000 7.557682
940.000000 4.327417
941.000000 6.541340
942.000000 5.467811
943.000000 5.477423
944.000000 9.738597
945.000000 4.335853
946.000000 5.396645
947.000000 5.414181
948.000000 5.476295
949.000000 3.274735
950.000000 8.627882
951.000000 7.590661
952.000000 3.264273
953.000000 10.793290
954.000000 4.342411
955.000000 9.789260
956.000000 12.036791
957.000000 8.635452
958.000000 3.283201
959.000000 4.348247
960.000000 5.427533
961.000000 5.438754
962.000000 8.697127
963.000000 4.370713
964.000000 6.513233
965.000000 6.538404
966.000000 2.179887
967.000000 6.526168
968.000000 6.512307
969.000000 2.181318
970.000000 6.522207
971.000000 5.443989
972.000000 4.352595
973.000000 10.923217
974.000000 5.424161
975.000000 5.494416
976.000000 2.169512
977.000000 5.495019
978.000000 3.264916
979.000000 3.266506
980.000000 3.241456
981.000000 4.364955
982.000000 5.424828
983.000000 5.421394
984.000000 9.791607
985.000000 3.264352
986.000000 5.401736
987.000000 7.599176
988.000000 2.176914
989.000000 5.435782
990.000000 6.523946
991.000000 6.515252
992.000000 6.485280
993.000000 7.618794
994.000000 3.261387
995.000000 3.279438
996.000000 7.630721
997.000000 9.773625
998.000000 5.445487
999.000000 7.617232
1000.000000 2.181789
1001.000000 7.694859
1002.000000 9.787776
1003.000000 11.954193
1004.000000 9.877282
1005.000000 11.952629
1006.000000 13.152540
1007.000000 8.686954
1008.000000 8.744307
1009.000000 8.744056
1010.000000 13.093895
1011.000000 8.696148
1012.000000 12.070027
1013.000000 9.813012
1014.000000 16.329752
1015.000000 20.795861
1016.000000 10.944382
1017.000000 22.869333
1018.000000 28.586221
1019.000000 47.380862
1020.000000 39.138952
1021.000000 44.714790
1022.000000 49.531552
1023.000000 37.107690
1024.000000 34.027796
1025.000000 36.106345
1026.000000 17.425554
1027.000000 22.898200
1028.000000 18.588871
1029.000000 23.879034
1030.000000 22.066549
1031.000000 23.005807
1032.000000 13.119585
1033.000000 20.713607
1034.000000 14.121384
1035.000000 15.301345
1036.000000 16.306881
1037.000000 15.369394
1038.000000 15.234389
1039.000000 9.823171
1040.000000 10.942095
1041.000000 12.027964
1042.000000 9.775195
1043.000000 9.812636
1044.000000 5.487199
1045.000000 4.374017
1046.000000 6.542972
1047.000000 7.683693
1048.000000 13.103362
1049.000000 13.045014
1050.000000 9.801288
1051.000000 5.489876
1052.000000 8.671158
1053.000000 9.854712
1054.000000 1.087993
1055.000000 4.335617
1056.000000 7.600274
1057.000000 14.170437
1058.000000 8.686530
1059.000000 8.702200
1060.000000 7.663790
1061.000000 6.497921
1062.000000 7.630520
1063.000000 5.432973
1064.000000 2.173874
1065.000000 6.553955
1066.000000 8.823581
1067.000000 2.176722
1068.000000 7.615752
1069.000000 3.269752
1070.000000 4.366187
1071.000000 4.356547
1072.000000 4.375139
1073.000000 2.183176
1074.000000 4.347275
1075.000000 3.281699
1076.000000 4.346787
1077.000000 7.660353
1078.000000 9.738735
1079.000000 7.595611
1080.000000 5.458927
1081.000000 3.291834
1082.000000 5.440850
1083.000000 6.536450
1084.000000 4.379833
1085.000000 4.364077
1086.000000 2.173697
1087.000000 3.274723
1088.000000 4.386337
1089.000000 3.265988
1090.000000 4.357166
1091.000000 5.438565
1092.000000 4.385037
1093.000000 3.279575
1094.000000 3.260586
1095.000000 6.515083
1096.000000 1.086525
1097.000000 1.087858
1098.000000 4.329170
1099.000000 5.450909
1100.000000 5.425764
1101.000000 6.582870
1102.000000 6.534548
1103.000000 4.367462
1104.000000 1.094358
1105.000000 4.365648
1106.000000 5.507497
1107.000000 2.170561
1108.000000 3.257145
1109.000000 4.352872
1110.000000 4.359815
1111.000000 6.514361
1112.000000 0.000000
1113.000000 4.349431
1114.000000 5.450968
1115.000000 5.497275
1116.000000 5.467729
1117.000000 0.000000
1118.000000 6.485981
1119.000000 3.274436
1120.000000 4.354791
1121.000000 2.190835
1122.000000 6.573938
1123.000000 3.275114
1124.000000 2.167922
1125.000000 3.263694
1126.000000 3.265026
1127.000000 4.375149
1128.000000 5.498665
1129.000000 2.182426
1130.000000 2.187803
1131.000000 1.087261
1132.000000 6.560671
1133.000000 4.340826
1134.000000 5.466214
1135.000000 5.465214
1136.000000 7.647115
1137.000000 2.188853
1138.000000 6.521356
1139.000000 6.583771
1140.000000 0.000000
1141.000000 3.283845
1142.000000 1.093152
1143.000000 3.285136
1144.000000 4.372493
1145.000000 2.182505
1146.000000 4.359357
1147.000000 3.275220
1148.000000 1.097366
1149.000000 4.372560
1150.000000 2.175447
1151.000000 1.089803
1152.000000 1.089618
1153.000000 2.185105
1154.000000 2.179107
1155.000000 4.382047
1156.000000 1.097855
1157.000000 6.512808
1158.000000 4.324052
1159.000000 3.277452
1160.000000 2.189146
1161.000000 1.089615
1162.000000 3.274419
1163.000000 6.532842
1164.000000 6.570731
1165.000000 0.000000
1166.000000 6.550956
1167.000000 5.462785
1168.000000 2.197476
1169.000000 2.182812
1170.000000 2.171286
1171.000000 4.370344
1172.000000 1.085852
1173.000000 2.181091
1174.000000 4.361559
1175.000000 4.353238
1176.000000 1.089312
1177.000000 2.188509
1178.000000 1.088410
1179.000000 2.177105
1180.000000 0.000000
1181.000000 5.483488
1182.000000 5.445076
1183.000000 3.245454
1184.000000 0.000000
1185.000000 4.370264
1186.000000 2.171623
1187.000000 2.181960
1188.000000 3.249208
1189.000000 4.360107
1190.000000 1.087702
1191.000000 3.272087
1192.000000 5.460750
1193.000000 1.093044
1194.000000 0.000000
1195.000000 1.088134
1196.000000 1.085391
1197.000000 2.184817
1198.000000 2.179827
1199.000000 2.184845
1200.000000 3.269959
1201.000000 2.180314
1202.000000 1.100356
1203.000000 2.176876
1204.000000 0.000000
1205.000000 2.186641
1206.000000 4.373537
1207.000000 2.175524
1208.000000 3.286826
1209.000000 1.092348
1210.000000 1.097104
1211.000000 2.181456
1212.000000 3.263724
1213.000000 1.097589
1214.000000 1.099811
1215.000000 1.089474
1216.000000 0.000000
1217.000000 5.455876
1218.000000 0.000000
1219.000000 2.196552
1220.000000 2.174947
1221.000000 2.206270
1222.000000 2.187186
1223.000000 1.088186
1224.000000 0.000000
1225.000000 5.470891
1226.000000 3.283328
1227.000000 1.097120
1228.000000 2.186849
1229.000000 1.094243
1230.000000 3.262037
1231.000000 3.252311
1232.000000 5.442453
1233.000000 2.200460
1234.000000 2.175613
1235.000000 1.088436
1236.000000 0.000000
1237.000000 1.094687
1238.000000 0.000000
1239.000000 2.181245
1240.000000 0.000000
1241.000000 1.100548
1242.000000 1.093983
1243.000000 1.103593
1244.000000 3.279193
1245.000000 1.087886
1246.000000 1.081054
1247.000000 2.182217
1248.000000 1.089719
1249.000000 0.000000
1250.000000 0.000000
1251.000000 4.337255
1252.000000 2.172560
1253.000000 1.094944
1254.000000 2.168352
1255.000000 2.193854
1256.000000 1.095150
1257.000000 2.202240
1258.000000 3.285287
1259.000000 0.000000
1260.000000 3.267928
1261.000000 2.183044
1262.000000 3.280944
1263.000000 1.090444
1264.000000 2.167435
1265.000000 1.095049
1266.000000 0.000000
1267.000000 1.088100
1268.000000 1.088089
1269.000000 0.000000
1270.000000 4.359647
1271.000000 2.192246
1272.000000 0.000000
1273.000000 2.215228
1274.000000 1.094680
1275.000000 2.190336
1276.000000 1.091468
1277.000000 1.089537
1278.000000 2.176688
1279.000000 1.092767
1280.000000 0.000000
1281.000000 1.084345
1282.000000 0.000000
1283.000000 1.090349
1284.000000 3.285259
1285.000000 1.096503
1286.000000 2.186908
1287.000000 4.362621
1288.000000 0.000000
1289.000000 0.000000
1290.000000 0.000000
1291.000000 4.387827
1292.000000 1.092540
1293.000000 0.000000
1294.000000 1.093405
1295.000000 2.200987
1296.000000 4.375037
1297.000000 0.000000
1298.000000 0.000000
1299.000000 0.000000
