# Left column = Time after Trigger in seconds & Right column = # Counts / Exposure = Flux per cm² s
700.000000 1.069619
701.000000 4.272145
702.000000 6.434405
703.000000 5.337202
704.000000 4.291521
705.000000 10.677346
706.000000 5.332966
707.000000 5.369158
708.000000 2.137982
709.000000 4.312836
710.000000 6.418492
711.000000 2.130202
712.000000 3.217632
713.000000 4.290121
714.000000 4.306189
715.000000 4.246393
716.000000 3.223514
717.000000 7.466425
718.000000 2.130390
719.000000 6.403530
720.000000 4.260994
721.000000 10.640458
722.000000 4.268576
723.000000 5.345599
724.000000 4.271209
725.000000 8.523413
726.000000 3.232432
727.000000 10.718654
728.000000 5.366815
729.000000 2.140726
730.000000 5.298654
731.000000 1.069736
732.000000 2.137441
733.000000 2.134621
734.000000 6.455173
735.000000 2.131023
736.000000 10.720794
737.000000 5.375327
738.000000 5.317986
739.000000 5.366642
740.000000 3.211777
741.000000 5.330778
742.000000 4.279353
743.000000 7.462520
744.000000 5.355462
745.000000 4.295458
746.000000 5.346617
747.000000 3.197249
748.000000 7.506356
749.000000 3.205960
750.000000 4.277357
751.000000 8.607968
752.000000 5.349691
753.000000 1.071958
754.000000 2.143408
755.000000 6.408800
756.000000 4.282029
757.000000 5.321354
758.000000 8.543917
759.000000 2.142080
760.000000 3.209897
761.000000 2.142056
762.000000 5.325050
763.000000 2.154162
764.000000 5.339113
765.000000 3.204631
766.000000 6.410855
767.000000 4.285543
768.000000 1.068883
769.000000 5.350579
770.000000 5.353435
771.000000 3.209339
772.000000 5.335434
773.000000 2.147127
774.000000 6.399459
775.000000 4.302993
776.000000 6.387399
777.000000 5.407237
778.000000 7.473438
779.000000 6.432836
780.000000 5.319008
781.000000 5.358781
782.000000 7.498367
783.000000 2.142291
784.000000 7.464811
785.000000 2.157285
786.000000 5.356523
787.000000 11.736144
788.000000 6.417542
789.000000 5.346839
790.000000 7.511989
791.000000 1.070231
792.000000 9.587016
793.000000 1.073447
794.000000 1.069167
795.000000 7.473012
796.000000 7.477741
797.000000 4.287328
798.000000 3.215840
799.000000 3.218872
800.000000 1.074964
801.000000 2.166614
802.000000 6.430578
803.000000 2.144971
804.000000 5.359176
805.000000 4.269279
806.000000 0.000000
807.000000 2.137571
808.000000 7.485477
809.000000 7.453969
810.000000 2.127677
811.000000 6.432529
812.000000 6.408959
813.000000 2.142136
814.000000 7.497910
815.000000 4.294622
816.000000 4.267995
817.000000 5.376721
818.000000 9.624177
819.000000 7.462841
820.000000 3.199644
821.000000 2.137898
822.000000 4.277646
823.000000 3.217008
824.000000 4.257212
825.000000 6.418629
826.000000 6.404232
827.000000 4.268555
828.000000 2.130523
829.000000 5.364089
830.000000 5.338336
831.000000 2.130161
832.000000 6.400321
833.000000 5.350380
834.000000 7.463913
835.000000 5.357248
836.000000 4.265167
837.000000 12.843306
838.000000 6.422693
839.000000 7.464086
840.000000 5.375832
841.000000 5.367957
842.000000 4.305709
843.000000 6.394489
844.000000 6.395284
845.000000 2.147304
846.000000 6.410438
847.000000 4.270298
848.000000 4.272653
849.000000 9.594055
850.000000 4.245697
851.000000 3.202329
852.000000 6.417376
853.000000 4.243428
854.000000 3.194923
855.000000 1.070708
856.000000 5.351484
857.000000 4.288597
858.000000 3.205998
859.000000 5.319491
860.000000 4.316136
861.000000 9.688851
862.000000 5.351373
863.000000 6.406012
864.000000 3.209471
865.000000 6.457469
866.000000 3.220053
867.000000 6.441899
868.000000 5.384415
869.000000 3.217352
870.000000 8.532689
871.000000 2.123031
872.000000 6.405753
873.000000 10.752238
874.000000 2.151399
875.000000 1.077497
876.000000 6.400195
877.000000 4.308714
878.000000 9.575395
879.000000 8.562892
880.000000 2.141756
881.000000 6.438631
882.000000 8.551201
883.000000 8.536049
884.000000 2.140172
885.000000 4.258510
886.000000 9.631725
887.000000 2.134060
888.000000 6.444790
889.000000 6.438489
890.000000 1.074401
891.000000 6.405070
892.000000 8.556589
893.000000 4.266322
894.000000 6.399466
895.000000 8.577872
896.000000 7.490484
897.000000 3.229721
898.000000 7.493792
899.000000 4.240881
900.000000 3.193307
901.000000 6.407539
902.000000 7.515473
903.000000 8.544383
904.000000 5.339693
905.000000 2.146168
906.000000 2.144476
907.000000 3.213394
908.000000 5.379726
909.000000 5.339337
910.000000 7.453936
911.000000 6.385315
912.000000 6.390752
913.000000 6.409834
914.000000 7.474819
915.000000 6.399924
916.000000 4.248453
917.000000 7.498907
918.000000 0.000000
919.000000 11.754158
920.000000 1.077397
921.000000 3.209600
922.000000 3.225108
923.000000 3.226919
924.000000 9.650575
925.000000 3.197277
926.000000 5.340652
927.000000 4.250920
928.000000 2.136082
929.000000 3.209916
930.000000 4.279876
931.000000 0.000000
932.000000 1.069409
933.000000 7.485524
934.000000 3.204714
935.000000 3.218173
936.000000 5.306986
937.000000 2.132984
938.000000 7.486749
939.000000 4.303165
940.000000 7.465568
941.000000 4.283842
942.000000 7.490003
943.000000 4.254968
944.000000 5.351587
945.000000 9.591608
946.000000 4.295542
947.000000 5.325764
948.000000 8.540519
949.000000 2.132222
950.000000 3.219518
951.000000 5.340155
952.000000 6.434330
953.000000 6.397522
954.000000 5.351926
955.000000 7.496783
956.000000 4.262954
957.000000 7.460672
958.000000 2.136696
959.000000 5.330476
960.000000 5.349171
961.000000 1.074161
962.000000 5.341002
963.000000 3.203495
964.000000 5.339057
965.000000 3.200107
966.000000 3.197079
967.000000 5.353274
968.000000 4.316020
969.000000 3.215453
970.000000 7.483360
971.000000 4.299165
972.000000 3.223863
973.000000 7.479536
974.000000 4.270962
975.000000 8.522586
976.000000 5.348683
977.000000 8.548895
978.000000 3.225274
979.000000 5.325235
980.000000 5.353785
981.000000 7.456631
982.000000 5.332972
983.000000 5.327309
984.000000 5.342940
985.000000 8.489856
986.000000 4.287080
987.000000 1.071894
988.000000 4.257957
989.000000 3.220011
990.000000 4.278285
991.000000 2.131721
992.000000 4.271373
993.000000 1.065936
994.000000 8.552793
995.000000 3.193663
996.000000 4.258891
997.000000 1.074360
998.000000 3.200768
999.000000 2.148158
1000.000000 18.133115
1001.000000 11.838982
1002.000000 25.771577
1003.000000 12.842750
1004.000000 19.257826
1005.000000 8.543167
1006.000000 8.537074
1007.000000 21.387829
1008.000000 5.330036
1009.000000 14.969519
1010.000000 13.811651
1011.000000 9.617416
1012.000000 21.418128
1013.000000 11.783819
1014.000000 5.332280
1015.000000 7.496641
1016.000000 11.725525
1017.000000 6.400351
1018.000000 7.523384
1019.000000 4.285774
1020.000000 8.522194
1021.000000 5.346407
1022.000000 10.631142
1023.000000 2.136840
1024.000000 11.795852
1025.000000 3.214622
1026.000000 6.402214
1027.000000 3.205210
1028.000000 3.203804
1029.000000 4.262526
1030.000000 8.524238
1031.000000 7.467502
1032.000000 7.432483
1033.000000 8.560681
1034.000000 2.141356
1035.000000 4.273723
1036.000000 4.283060
1037.000000 9.601678
1038.000000 7.483330
1039.000000 5.307344
1040.000000 6.395492
1041.000000 8.552430
1042.000000 8.547227
1043.000000 4.283739
1044.000000 4.275833
1045.000000 8.563522
1046.000000 4.255899
1047.000000 0.000000
1048.000000 9.585032
1049.000000 2.136631
1050.000000 4.262746
1051.000000 6.442149
1052.000000 5.353508
1053.000000 6.419172
1054.000000 5.336482
1055.000000 3.196552
1056.000000 5.302756
1057.000000 1.067131
1058.000000 7.487501
1059.000000 4.252658
1060.000000 3.200759
1061.000000 6.421662
1062.000000 4.257351
1063.000000 3.205035
1064.000000 2.135711
1065.000000 9.544080
1066.000000 5.330303
1067.000000 1.070750
1068.000000 4.250947
1069.000000 6.442845
1070.000000 2.137711
1071.000000 7.466910
1072.000000 10.685743
1073.000000 4.311177
1074.000000 5.372480
1075.000000 4.253123
1076.000000 2.149694
1077.000000 5.335369
1078.000000 5.337583
1079.000000 6.363129
1080.000000 6.409970
1081.000000 4.254733
1082.000000 4.261996
1083.000000 5.372968
1084.000000 4.265503
1085.000000 5.309804
1086.000000 5.320694
1087.000000 5.361970
1088.000000 5.321558
1089.000000 2.145375
1090.000000 5.312509
1091.000000 4.278262
1092.000000 3.191639
1093.000000 6.390324
1094.000000 1.075671
1095.000000 4.285788
1096.000000 4.269162
1097.000000 5.366994
1098.000000 4.300996
1099.000000 5.334881
1100.000000 7.456602
1101.000000 3.193304
1102.000000 6.395022
1103.000000 2.136254
1104.000000 6.398790
1105.000000 4.274345
1106.000000 3.188506
1107.000000 5.328034
1108.000000 4.262591
1109.000000 4.274408
1110.000000 2.139954
1111.000000 7.485412
1112.000000 2.141018
1113.000000 5.340919
1114.000000 8.517737
1115.000000 3.219275
1116.000000 6.409347
1117.000000 3.187226
1118.000000 4.277278
1119.000000 6.419867
1120.000000 4.271830
1121.000000 4.267848
1122.000000 8.548175
1123.000000 3.194376
1124.000000 4.298144
1125.000000 6.384723
1126.000000 3.201411
1127.000000 5.332414
1128.000000 4.268763
1129.000000 7.473977
1130.000000 7.440480
1131.000000 5.318412
1132.000000 2.146901
1133.000000 4.268240
1134.000000 4.308702
1135.000000 3.195582
1136.000000 4.268312
1137.000000 6.388452
1138.000000 7.454993
1139.000000 8.570943
1140.000000 4.256443
1141.000000 9.585788
1142.000000 8.524009
1143.000000 3.202778
1144.000000 4.259309
1145.000000 5.323410
1146.000000 9.646198
1147.000000 2.146443
1148.000000 3.191872
1149.000000 4.263717
1150.000000 9.676951
1151.000000 12.767690
1152.000000 0.000000
1153.000000 5.362728
1154.000000 6.426791
1155.000000 10.670981
1156.000000 5.311443
1157.000000 3.206633
1158.000000 8.542592
1159.000000 6.373450
1160.000000 4.281401
1161.000000 4.261490
1162.000000 1.064377
1163.000000 3.217113
1164.000000 6.416280
1165.000000 7.461387
1166.000000 4.313774
1167.000000 3.187247
1168.000000 7.439906
1169.000000 4.293046
1170.000000 4.273354
1171.000000 6.401036
1172.000000 5.335101
1173.000000 2.130567
1174.000000 7.449583
1175.000000 4.293701
1176.000000 7.454123
1177.000000 2.132598
1178.000000 2.145076
1179.000000 8.563983
1180.000000 4.282586
1181.000000 6.412823
1182.000000 6.393181
1183.000000 7.483257
1184.000000 5.322494
1185.000000 5.310301
1186.000000 1.068452
1187.000000 4.280754
1188.000000 8.578942
1189.000000 1.066112
1190.000000 8.556387
1191.000000 4.260187
1192.000000 3.199204
1193.000000 4.285783
1194.000000 6.426557
1195.000000 10.583270
1196.000000 6.411532
1197.000000 6.367791
1198.000000 6.405996
1199.000000 4.276402
1200.000000 8.593309
1201.000000 6.408210
1202.000000 3.215602
1203.000000 5.296713
1204.000000 5.337797
1205.000000 4.316566
1206.000000 4.270868
1207.000000 5.314795
1208.000000 3.194892
1209.000000 4.279205
1210.000000 5.356097
1211.000000 7.468709
1212.000000 6.403936
1213.000000 6.361058
1214.000000 5.342448
1215.000000 4.271798
1216.000000 3.183066
1217.000000 4.258989
1218.000000 8.535178
1219.000000 5.334318
1220.000000 5.322561
1221.000000 5.302995
1222.000000 4.295228
1223.000000 2.133995
1224.000000 4.292016
1225.000000 6.418410
1226.000000 4.277250
1227.000000 4.244472
1228.000000 9.575640
1229.000000 8.557845
1230.000000 2.143925
1231.000000 3.199353
1232.000000 4.274445
1233.000000 3.198018
1234.000000 3.219465
1235.000000 2.131288
1236.000000 3.207286
1237.000000 5.359765
1238.000000 6.447930
1239.000000 3.194862
1240.000000 4.275467
1241.000000 2.148933
1242.000000 6.381234
1243.000000 3.198606
1244.000000 3.201612
1245.000000 11.782912
1246.000000 3.219067
1247.000000 2.146032
1248.000000 3.221617
1249.000000 5.364084
1250.000000 5.364202
1251.000000 3.194879
1252.000000 3.188707
1253.000000 3.220616
1254.000000 3.205463
1255.000000 7.486558
1256.000000 4.267530
1257.000000 4.264081
1258.000000 7.521150
1259.000000 5.359257
1260.000000 3.191857
1261.000000 4.305769
1262.000000 1.067569
1263.000000 4.292573
1264.000000 3.212538
1265.000000 4.251996
1266.000000 4.266954
1267.000000 2.126430
1268.000000 2.129175
1269.000000 6.427209
1270.000000 2.139468
1271.000000 1.069905
1272.000000 7.514243
1273.000000 5.370330
1274.000000 5.322540
1275.000000 3.203655
1276.000000 4.270247
1277.000000 15.017514
1278.000000 2.132743
1279.000000 2.131812
1280.000000 6.404488
1281.000000 5.332577
1282.000000 2.147735
1283.000000 6.371268
1284.000000 7.457089
1285.000000 1.072322
1286.000000 4.286901
1287.000000 0.000000
1288.000000 4.264830
1289.000000 5.346213
1290.000000 2.136675
1291.000000 4.290242
1292.000000 7.513399
1293.000000 6.432939
1294.000000 14.967008
1295.000000 6.468343
1296.000000 4.308755
1297.000000 3.215051
1298.000000 2.143054
1299.000000 0.000000
