# Left column = Time after Trigger in seconds & Right column = # Counts / Exposure = Flux per cm² s
70.000000 11.022749
70.100000 11.113872
70.200000 55.569359
70.300000 22.227743
70.400000 33.341615
70.500000 22.227743
70.600000 11.113872
70.700000 0.000000
70.800000 11.113872
70.900000 0.000000
71.000000 0.000000
71.100000 0.000000
71.200000 0.000000
71.300000 21.955051
71.400000 0.000000
71.500000 0.000000
71.600000 0.000000
71.700000 0.000000
71.800000 0.000000
71.900000 10.977526
72.000000 10.977526
72.100000 0.000000
72.200000 22.060752
72.300000 0.000000
72.400000 0.000000
72.500000 11.030376
72.600000 22.060752
72.700000 11.030376
72.800000 0.000000
72.900000 22.060752
73.000000 0.000000
73.100000 0.000000
73.200000 10.976517
73.300000 0.000000
73.400000 21.953033
73.500000 0.000000
73.600000 21.953033
73.700000 0.000000
73.800000 0.000000
73.900000 10.976517
74.000000 0.000000
74.100000 10.975534
74.200000 0.000000
74.300000 10.975534
74.400000 21.951068
74.500000 0.000000
74.600000 0.000000
74.700000 0.000000
74.800000 0.000000
74.900000 21.951068
75.000000 10.975534
75.100000 10.988740
75.200000 0.000000
75.300000 0.000000
75.400000 10.988740
75.500000 21.977479
75.600000 0.000000
75.700000 0.000000
75.800000 0.000000
75.900000 10.988740
76.000000 21.977479
76.100000 0.000000
76.200000 32.870901
76.300000 0.000000
76.400000 10.956967
76.500000 10.956967
76.600000 0.000000
76.700000 21.913934
76.800000 10.956967
76.900000 10.956967
77.000000 0.000000
77.100000 0.000000
77.200000 11.014749
77.300000 11.014749
77.400000 22.029499
77.500000 22.029499
77.600000 0.000000
77.700000 11.014749
77.800000 22.029499
77.900000 0.000000
78.000000 0.000000
78.100000 10.984821
78.200000 10.984821
78.300000 0.000000
78.400000 0.000000
78.500000 0.000000
78.600000 10.984821
78.700000 0.000000
78.800000 10.984821
78.900000 10.984821
79.000000 10.984821
79.100000 0.000000
79.200000 0.000000
79.300000 11.011066
79.400000 22.022132
79.500000 0.000000
79.600000 11.011066
79.700000 0.000000
79.800000 0.000000
79.900000 0.000000
80.000000 0.000000
80.100000 0.000000
80.200000 0.000000
80.300000 0.000000
80.400000 0.000000
80.500000 0.000000
80.600000 0.000000
80.700000 11.028647
80.800000 11.028647
80.900000 11.028647
81.000000 11.028647
81.100000 11.016990
81.200000 0.000000
81.300000 22.033980
81.400000 11.016990
81.500000 11.016990
81.600000 22.033980
81.700000 0.000000
81.800000 22.033980
81.900000 22.033980
82.000000 11.016990
82.100000 0.000000
82.200000 33.153504
82.300000 11.051168
82.400000 11.051168
82.500000 0.000000
82.600000 0.000000
82.700000 0.000000
82.800000 0.000000
82.900000 0.000000
83.000000 0.000000
83.100000 0.000000
83.200000 11.059804
83.300000 11.059804
83.400000 11.059804
83.500000 0.000000
83.600000 11.059804
83.700000 11.059804
83.800000 11.059804
83.900000 11.059804
84.000000 0.000000
84.100000 11.015545
84.200000 11.015545
84.300000 0.000000
84.400000 11.015545
84.500000 11.015545
84.600000 11.015545
84.700000 11.015545
84.800000 22.031090
84.900000 11.015545
85.000000 0.000000
85.100000 0.000000
85.200000 0.000000
85.300000 0.000000
85.400000 0.000000
85.500000 0.000000
85.600000 0.000000
85.700000 0.000000
85.800000 0.000000
85.900000 0.000000
86.000000 10.981263
86.100000 22.034717
86.200000 11.017359
86.300000 11.017359
86.400000 0.000000
86.500000 11.017359
86.600000 0.000000
86.700000 11.017359
86.800000 0.000000
86.900000 22.034717
87.000000 22.034717
87.100000 11.038167
87.200000 11.038167
87.300000 33.114500
87.400000 0.000000
87.500000 11.038167
87.600000 0.000000
87.700000 22.076334
87.800000 0.000000
87.900000 11.038167
88.000000 0.000000
88.100000 0.000000
88.200000 0.000000
88.300000 22.021171
88.400000 0.000000
88.500000 0.000000
88.600000 11.010586
88.700000 0.000000
88.800000 11.010586
88.900000 11.010586
89.000000 11.010586
89.100000 0.000000
89.200000 10.987163
89.300000 21.974325
89.400000 21.974325
89.500000 10.987163
89.600000 0.000000
89.700000 0.000000
89.800000 0.000000
89.900000 0.000000
90.000000 10.987163
90.100000 21.989860
90.200000 32.984790
90.300000 0.000000
90.400000 0.000000
90.500000 21.989860
90.600000 21.989860
90.700000 10.994930
90.800000 21.989860
90.900000 0.000000
91.000000 10.994930
91.100000 11.012709
91.200000 22.025417
91.300000 11.012709
91.400000 0.000000
91.500000 33.038126
91.600000 0.000000
91.700000 0.000000
91.800000 11.012709
91.900000 11.012709
92.000000 11.012709
92.100000 0.000000
92.200000 0.000000
92.300000 10.985902
92.400000 10.985902
92.500000 0.000000
92.600000 0.000000
92.700000 21.971804
92.800000 10.985902
92.900000 0.000000
93.000000 0.000000
93.100000 0.000000
93.200000 21.976835
93.300000 0.000000
93.400000 10.988417
93.500000 10.988417
93.600000 0.000000
93.700000 10.988417
93.800000 0.000000
93.900000 0.000000
94.000000 21.976835
94.100000 0.000000
94.200000 10.891535
94.300000 0.000000
94.400000 0.000000
94.500000 10.891535
94.600000 0.000000
94.700000 0.000000
94.800000 43.566141
94.900000 0.000000
95.000000 0.000000
95.100000 0.000000
95.200000 0.000000
95.300000 32.882011
95.400000 0.000000
95.500000 32.882011
95.600000 10.960670
95.700000 10.960670
95.800000 0.000000
95.900000 10.960670
96.000000 0.000000
96.100000 0.000000
96.200000 0.000000
96.300000 0.000000
96.400000 10.897338
96.500000 10.897338
96.600000 0.000000
96.700000 10.897338
96.800000 10.897338
96.900000 21.794676
97.000000 0.000000
97.100000 22.086693
97.200000 11.043346
97.300000 0.000000
97.400000 11.043346
97.500000 22.086693
97.600000 0.000000
97.700000 11.043346
97.800000 11.043346
97.900000 0.000000
98.000000 0.000000
98.100000 11.020055
98.200000 11.020055
98.300000 0.000000
98.400000 22.040111
98.500000 0.000000
98.600000 0.000000
98.700000 22.040111
98.800000 11.020055
98.900000 11.020055
99.000000 0.000000
99.100000 11.040359
99.200000 0.000000
99.300000 0.000000
99.400000 0.000000
99.500000 11.040359
99.600000 44.161434
99.700000 11.040359
99.800000 11.040359
99.900000 0.000000
100.000000 33.121076
100.100000 21.874897
100.200000 21.874897
100.300000 0.000000
100.400000 0.000000
100.500000 0.000000
100.600000 0.000000
100.700000 10.937448
100.800000 0.000000
100.900000 10.937448
101.000000 10.937448
101.100000 0.000000
101.200000 0.000000
101.300000 0.000000
101.400000 10.919746
101.500000 21.839491
101.600000 21.839491
101.700000 21.839491
101.800000 10.919746
101.900000 21.839491
102.000000 0.000000
102.100000 11.017937
102.200000 11.017937
102.300000 0.000000
102.400000 0.000000
102.500000 11.017937
102.600000 11.017937
102.700000 11.017937
102.800000 11.017937
102.900000 33.053810
103.000000 11.017937
103.100000 21.997427
103.200000 0.000000
103.300000 0.000000
103.400000 0.000000
103.500000 10.998713
103.600000 0.000000
103.700000 0.000000
103.800000 10.998713
103.900000 0.000000
104.000000 0.000000
104.100000 22.050220
104.200000 0.000000
104.300000 0.000000
104.400000 33.075330
104.500000 11.025110
104.600000 0.000000
104.700000 0.000000
104.800000 11.025110
104.900000 0.000000
105.000000 0.000000
105.100000 11.026412
105.200000 0.000000
105.300000 0.000000
105.400000 0.000000
105.500000 11.026412
105.600000 11.026412
105.700000 22.052823
105.800000 11.026412
105.900000 22.052823
106.000000 22.052823
106.100000 0.000000
106.200000 0.000000
106.300000 10.994658
106.400000 10.994658
106.500000 0.000000
106.600000 10.994658
106.700000 10.994658
106.800000 10.994658
106.900000 0.000000
107.000000 0.000000
107.100000 32.924367
107.200000 10.974789
107.300000 32.924367
107.400000 10.974789
107.500000 10.974789
107.600000 10.974789
107.700000 10.974789
107.800000 32.924367
107.900000 0.000000
108.000000 0.000000
108.100000 10.988648
108.200000 0.000000
108.300000 10.988648
108.400000 21.977295
108.500000 21.977295
108.600000 0.000000
108.700000 0.000000
108.800000 10.988648
108.900000 10.988648
109.000000 21.977295
109.100000 11.016164
109.200000 0.000000
109.300000 0.000000
109.400000 22.032328
109.500000 0.000000
109.600000 11.016164
109.700000 0.000000
109.800000 22.032328
109.900000 11.016164
110.000000 11.016164
110.100000 0.000000
110.200000 0.000000
110.300000 0.000000
110.400000 0.000000
110.500000 0.000000
110.600000 0.000000
110.700000 10.955193
110.800000 0.000000
110.900000 0.000000
111.000000 0.000000
111.100000 0.000000
111.200000 11.034022
111.300000 0.000000
111.400000 0.000000
111.500000 11.034022
111.600000 11.034022
111.700000 0.000000
111.800000 0.000000
111.900000 0.000000
112.000000 0.000000
112.100000 21.891311
112.200000 0.000000
112.300000 21.891311
112.400000 21.891311
112.500000 10.945655
112.600000 21.891311
112.700000 0.000000
112.800000 0.000000
112.900000 0.000000
113.000000 10.945655
113.100000 0.000000
113.200000 0.000000
113.300000 21.957844
113.400000 21.957844
113.500000 21.957844
113.600000 10.978922
113.700000 0.000000
113.800000 0.000000
113.900000 10.978922
114.000000 10.978922
114.100000 21.766615
114.200000 10.883308
114.300000 10.883308
114.400000 32.649923
114.500000 10.883308
114.600000 10.883308
114.700000 0.000000
114.800000 10.883308
114.900000 0.000000
115.000000 10.883308
115.100000 11.013875
115.200000 11.013875
115.300000 11.013875
115.400000 11.013875
115.500000 11.013875
115.600000 0.000000
115.700000 11.013875
115.800000 0.000000
115.900000 0.000000
116.000000 0.000000
116.100000 0.000000
116.200000 21.955813
116.300000 0.000000
116.400000 10.977906
116.500000 10.977906
116.600000 10.977906
116.700000 0.000000
116.800000 32.933719
116.900000 10.977906
117.000000 21.955813
117.100000 22.019155
117.200000 0.000000
117.300000 0.000000
117.400000 11.009578
117.500000 0.000000
117.600000 22.019155
117.700000 0.000000
117.800000 11.009578
117.900000 0.000000
118.000000 11.009578
118.100000 0.000000
118.200000 0.000000
118.300000 43.812374
118.400000 0.000000
118.500000 0.000000
118.600000 0.000000
118.700000 0.000000
118.800000 0.000000
118.900000 0.000000
119.000000 0.000000
119.100000 10.964646
119.200000 10.964646
119.300000 0.000000
119.400000 0.000000
119.500000 0.000000
119.600000 0.000000
119.700000 0.000000
119.800000 10.964646
119.900000 10.964646
120.000000 0.000000
120.100000 0.000000
120.200000 10.950718
120.300000 0.000000
120.400000 21.901436
120.500000 0.000000
120.600000 10.950718
120.700000 10.950718
120.800000 0.000000
120.900000 0.000000
121.000000 21.901436
121.100000 0.000000
121.200000 0.000000
121.300000 10.971638
121.400000 10.971638
121.500000 0.000000
121.600000 0.000000
121.700000 0.000000
121.800000 10.971638
121.900000 0.000000
122.000000 10.971638
122.100000 32.815683
122.200000 0.000000
122.300000 10.938561
122.400000 21.877122
122.500000 21.877122
122.600000 0.000000
122.700000 10.938561
122.800000 0.000000
122.900000 21.877122
123.000000 21.877122
123.100000 10.931192
123.200000 0.000000
123.300000 0.000000
123.400000 32.793577
123.500000 10.931192
123.600000 0.000000
123.700000 43.724770
123.800000 10.931192
123.900000 0.000000
124.000000 21.862385
124.100000 10.919009
124.200000 10.919009
124.300000 0.000000
124.400000 0.000000
124.500000 10.919009
124.600000 10.919009
124.700000 10.919009
124.800000 10.919009
124.900000 0.000000
125.000000 10.919009
125.100000 10.864707
125.200000 0.000000
125.300000 0.000000
125.400000 0.000000
125.500000 10.864707
125.600000 0.000000
125.700000 10.864707
125.800000 0.000000
125.900000 0.000000
126.000000 10.864707
126.100000 10.939784
126.200000 10.939784
126.300000 10.939784
126.400000 32.819352
126.500000 0.000000
126.600000 21.879568
126.700000 0.000000
126.800000 10.939784
126.900000 10.939784
127.000000 0.000000
127.100000 0.000000
127.200000 0.000000
127.300000 0.000000
127.400000 21.904424
127.500000 10.952212
127.600000 10.952212
127.700000 10.952212
127.800000 10.952212
127.900000 0.000000
128.000000 0.000000
128.100000 10.936106
128.200000 21.872213
128.300000 0.000000
128.400000 10.936106
128.500000 21.872213
128.600000 10.936106
128.700000 0.000000
128.800000 21.872213
128.900000 10.936106
129.000000 0.000000
129.100000 0.000000
129.200000 21.871917
129.300000 10.935958
129.400000 10.935958
129.500000 21.871917
129.600000 10.935958
129.700000 10.935958
129.800000 0.000000
129.900000 0.000000
