# Left column = Time after Trigger in seconds & Right column = # Counts / Exposure = Flux per cm² s
0.000000 0.021530
1.000000 0.004301
2.000000 0.008626
3.000000 0.008550
4.000000 0.017124
5.000000 0.017121
6.000000 0.029947
7.000000 0.021596
8.000000 0.017224
9.000000 0.012967
10.000000 0.026020
11.000000 0.034359
12.000000 0.012839
13.000000 0.017140
14.000000 0.017043
15.000000 0.025918
16.000000 0.012891
17.000000 0.021690
18.000000 0.025779
19.000000 0.021522
20.000000 0.012878
21.000000 0.029942
22.000000 0.025751
23.000000 0.029932
24.000000 0.004279
25.000000 0.008584
26.000000 0.012922
27.000000 0.017315
28.000000 0.012914
29.000000 0.017115
30.000000 0.012893
31.000000 0.004322
32.000000 0.017099
33.000000 0.017169
34.000000 0.017196
35.000000 0.012926
36.000000 0.012996
37.000000 0.017088
38.000000 0.008593
39.000000 0.034194
40.000000 0.025669
41.000000 0.008606
42.000000 0.017195
43.000000 0.008611
44.000000 0.030167
45.000000 0.004295
46.000000 0.021465
47.000000 0.004285
48.000000 0.025708
49.000000 0.030087
50.000000 0.017121
51.000000 0.021323
52.000000 0.021368
53.000000 0.029970
54.000000 0.012850
55.000000 0.030016
56.000000 0.012890
57.000000 0.030195
58.000000 0.012877
59.000000 0.012888
60.000000 0.017219
61.000000 0.017236
62.000000 0.021319
63.000000 0.017189
64.000000 0.004262
65.000000 0.012826
66.000000 0.021545
67.000000 0.021494
68.000000 0.012945
69.000000 0.025845
70.000000 0.012857
71.000000 0.004325
72.000000 0.021504
73.000000 0.008607
74.000000 0.004262
75.000000 0.012896
76.000000 0.021373
77.000000 0.034609
78.000000 0.017316
79.000000 0.012871
80.000000 0.012906
81.000000 0.008546
82.000000 0.017150
83.000000 0.012858
84.000000 0.021321
85.000000 0.021453
86.000000 0.012915
87.000000 0.021526
88.000000 0.025582
89.000000 0.034271
90.000000 0.017132
91.000000 0.029888
92.000000 0.025710
93.000000 0.025695
94.000000 0.012917
95.000000 0.004294
96.000000 0.017177
97.000000 0.008558
98.000000 0.025660
99.000000 0.030032
100.000000 0.008600
101.000000 0.029947
102.000000 0.017162
103.000000 0.029926
104.000000 0.034426
105.000000 0.030090
106.000000 0.008640
107.000000 0.000000
108.000000 0.021429
109.000000 0.030090
110.000000 0.008585
111.000000 0.017114
112.000000 0.025764
113.000000 0.021451
114.000000 0.017250
115.000000 0.025660
116.000000 0.012769
117.000000 0.021440
118.000000 0.017071
119.000000 0.017113
120.000000 0.004286
121.000000 0.012794
122.000000 0.021431
123.000000 0.042672
124.000000 0.021477
125.000000 0.025790
126.000000 0.021469
127.000000 0.025834
128.000000 0.038385
129.000000 0.012803
130.000000 0.012879
131.000000 0.008561
132.000000 0.008598
133.000000 0.012919
134.000000 0.021572
135.000000 0.021567
136.000000 0.012897
137.000000 0.021355
138.000000 0.012880
139.000000 0.021284
140.000000 0.025619
141.000000 0.008539
142.000000 0.008595
143.000000 0.017168
144.000000 0.021461
145.000000 0.042778
146.000000 0.012851
147.000000 0.017194
148.000000 0.025758
149.000000 0.021424
150.000000 0.025640
151.000000 0.017286
152.000000 0.034145
153.000000 0.025848
154.000000 0.034255
155.000000 0.012837
156.000000 0.004314
157.000000 0.017060
158.000000 0.017246
159.000000 0.012844
160.000000 0.021349
161.000000 0.021165
162.000000 0.004297
163.000000 0.012915
164.000000 0.021394
165.000000 0.017062
166.000000 0.021536
167.000000 0.012761
168.000000 0.017071
169.000000 0.029967
170.000000 0.017167
171.000000 0.004258
172.000000 0.034289
173.000000 0.017166
174.000000 0.029904
175.000000 0.021556
176.000000 0.025313
177.000000 0.051399
178.000000 0.012822
179.000000 0.021454
180.000000 0.012839
181.000000 0.012815
182.000000 0.008600
183.000000 0.021531
184.000000 0.021525
185.000000 0.008522
186.000000 0.025583
187.000000 0.034212
188.000000 0.004279
189.000000 0.000000
190.000000 0.012824
191.000000 0.017182
192.000000 0.017205
193.000000 0.004268
194.000000 0.021487
195.000000 0.030128
196.000000 0.021245
197.000000 0.017137
198.000000 0.025942
199.000000 0.029981
200.000000 0.012835
201.000000 0.008631
202.000000 0.017104
203.000000 0.012819
204.000000 0.025534
205.000000 0.017090
206.000000 0.008584
207.000000 0.021320
208.000000 0.012813
209.000000 0.012783
210.000000 0.034311
211.000000 0.012761
212.000000 0.021397
213.000000 0.029881
214.000000 0.021386
215.000000 0.004255
216.000000 0.017214
217.000000 0.012770
218.000000 0.021393
219.000000 0.017217
220.000000 0.025651
221.000000 0.012744
222.000000 0.017096
223.000000 0.021459
224.000000 0.025570
225.000000 0.008567
226.000000 0.012882
227.000000 0.008569
228.000000 0.008524
229.000000 0.021288
230.000000 0.021334
231.000000 0.012786
232.000000 0.017155
233.000000 0.021328
234.000000 0.025680
235.000000 0.012790
236.000000 0.017126
237.000000 0.025703
238.000000 0.038279
239.000000 0.004279
240.000000 0.021433
241.000000 0.025599
242.000000 0.004282
243.000000 0.055592
244.000000 0.021347
245.000000 0.029965
246.000000 0.012875
247.000000 0.017074
248.000000 0.012794
249.000000 0.017148
250.000000 0.012787
251.000000 0.008507
252.000000 0.038618
253.000000 0.030059
254.000000 0.017113
255.000000 0.008558
256.000000 0.021427
257.000000 0.012861
258.000000 0.017156
259.000000 0.012836
260.000000 0.034252
261.000000 0.029848
262.000000 0.004290
263.000000 0.021352
264.000000 0.004302
265.000000 0.021386
266.000000 0.008539
267.000000 0.012782
268.000000 0.012824
269.000000 0.012771
270.000000 0.012888
271.000000 0.029974
272.000000 0.017065
273.000000 0.034131
274.000000 0.029781
275.000000 0.029891
276.000000 0.025743
277.000000 0.038422
278.000000 0.008536
279.000000 0.021312
280.000000 0.017003
281.000000 0.021322
282.000000 0.008573
283.000000 0.012801
284.000000 0.012792
285.000000 0.029985
286.000000 0.008513
287.000000 0.034091
288.000000 0.021273
289.000000 0.017169
290.000000 0.017038
291.000000 0.025602
292.000000 0.004249
293.000000 0.008615
294.000000 0.025724
295.000000 0.008529
296.000000 0.021414
297.000000 0.021276
298.000000 0.021356
299.000000 0.021364
300.000000 0.038198
301.000000 0.064326
302.000000 0.064244
303.000000 0.126411
304.000000 0.639819
305.000000 1.000000
306.000000 0.593464
307.000000 0.275609
308.000000 0.227218
309.000000 0.188853
310.000000 0.149896
311.000000 0.153473
312.000000 0.150196
313.000000 0.128550
314.000000 0.128313
315.000000 0.137566
316.000000 0.153762
317.000000 0.166749
318.000000 0.098079
319.000000 0.090423
320.000000 0.085248
321.000000 0.081364
322.000000 0.294654
323.000000 0.103239
324.000000 0.099193
325.000000 0.110766
326.000000 0.081350
327.000000 0.072284
328.000000 0.042572
329.000000 0.110526
330.000000 0.089603
331.000000 0.029938
332.000000 0.055653
333.000000 0.063885
334.000000 0.055629
335.000000 0.094208
336.000000 0.115558
337.000000 0.072675
338.000000 0.042717
339.000000 0.047157
340.000000 0.038485
341.000000 0.107338
342.000000 0.111484
343.000000 0.110875
344.000000 0.038668
345.000000 0.102537
346.000000 0.064499
347.000000 0.029842
348.000000 0.029849
349.000000 0.034432
350.000000 0.029789
351.000000 0.029747
352.000000 0.038537
353.000000 0.072519
354.000000 0.047081
355.000000 0.038420
356.000000 0.038664
357.000000 0.025483
358.000000 0.059832
359.000000 0.042562
360.000000 0.034144
361.000000 0.038255
362.000000 0.034120
363.000000 0.017191
364.000000 0.034164
365.000000 0.051150
366.000000 0.038362
367.000000 0.043043
368.000000 0.034102
369.000000 0.034028
370.000000 0.042816
371.000000 0.025709
372.000000 0.042659
373.000000 0.025646
374.000000 0.046826
375.000000 0.034095
376.000000 0.029965
377.000000 0.042585
378.000000 0.042751
379.000000 0.033952
380.000000 0.034011
381.000000 0.017008
382.000000 0.055304
383.000000 0.021304
384.000000 0.029713
385.000000 0.021367
386.000000 0.030056
387.000000 0.038602
388.000000 0.042545
389.000000 0.033965
390.000000 0.029918
391.000000 0.034288
392.000000 0.038647
393.000000 0.025668
394.000000 0.012750
395.000000 0.021216
396.000000 0.025725
397.000000 0.034213
398.000000 0.025816
399.000000 0.034139
400.000000 0.034087
401.000000 0.034066
402.000000 0.025805
403.000000 0.025514
404.000000 0.029984
405.000000 0.034178
406.000000 0.021295
407.000000 0.038515
408.000000 0.017107
409.000000 0.025496
410.000000 0.029938
411.000000 0.034223
412.000000 0.021371
413.000000 0.034101
414.000000 0.017164
415.000000 0.012850
416.000000 0.042706
417.000000 0.034320
418.000000 0.051114
419.000000 0.042676
420.000000 0.021422
421.000000 0.038580
422.000000 0.033850
423.000000 0.038626
424.000000 0.038620
425.000000 0.012750
426.000000 0.017029
427.000000 0.017077
428.000000 0.029992
429.000000 0.030162
430.000000 0.034087
431.000000 0.029817
432.000000 0.017099
433.000000 0.021337
434.000000 0.046972
435.000000 0.021351
436.000000 0.017066
437.000000 0.029930
438.000000 0.012838
439.000000 0.034151
440.000000 0.046812
441.000000 0.034215
442.000000 0.012854
443.000000 0.046906
444.000000 0.021365
445.000000 0.021288
446.000000 0.012814
447.000000 0.008565
448.000000 0.025500
449.000000 0.012700
450.000000 0.038484
451.000000 0.021336
452.000000 0.038271
453.000000 0.025432
454.000000 0.021412
455.000000 0.034131
456.000000 0.025632
457.000000 0.012796
458.000000 0.012801
459.000000 0.017117
460.000000 0.025563
461.000000 0.021358
462.000000 0.021275
463.000000 0.038433
464.000000 0.042713
465.000000 0.029886
466.000000 0.021372
467.000000 0.021360
468.000000 0.017090
469.000000 0.012826
470.000000 0.029936
471.000000 0.012910
472.000000 0.029842
473.000000 0.012841
474.000000 0.025576
475.000000 0.017015
476.000000 0.038719
477.000000 0.017070
478.000000 0.008553
479.000000 0.017152
480.000000 0.012754
481.000000 0.034040
482.000000 0.025551
483.000000 0.029694
484.000000 0.025711
485.000000 0.025574
486.000000 0.017128
487.000000 0.038486
488.000000 0.017073
489.000000 0.021403
490.000000 0.017088
491.000000 0.025644
492.000000 0.021376
493.000000 0.051526
494.000000 0.017067
495.000000 0.025654
496.000000 0.034262
497.000000 0.034214
498.000000 0.029911
499.000000 0.034173
500.000000 0.012722
501.000000 0.021314
502.000000 0.029770
503.000000 0.029789
504.000000 0.029880
505.000000 0.012798
506.000000 0.017029
507.000000 0.029958
508.000000 0.034175
509.000000 0.021329
510.000000 0.025447
511.000000 0.030118
512.000000 0.025638
513.000000 0.025622
514.000000 0.021403
515.000000 0.042836
516.000000 0.017008
517.000000 0.046743
518.000000 0.038190
519.000000 0.025763
520.000000 0.017138
521.000000 0.021385
522.000000 0.021259
523.000000 0.017054
524.000000 0.029776
525.000000 0.025669
526.000000 0.012828
527.000000 0.017061
528.000000 0.017028
529.000000 0.025582
530.000000 0.034007
531.000000 0.025601
532.000000 0.017069
533.000000 0.034042
534.000000 0.021200
535.000000 0.008448
536.000000 0.012811
537.000000 0.025579
538.000000 0.029984
539.000000 0.025709
540.000000 0.034319
541.000000 0.038346
542.000000 0.055587
543.000000 0.029928
544.000000 0.021388
545.000000 0.017031
546.000000 0.025597
547.000000 0.012709
548.000000 0.021294
549.000000 0.012746
550.000000 0.004289
551.000000 0.021259
552.000000 0.038401
553.000000 0.029975
554.000000 0.021255
555.000000 0.038503
556.000000 0.038586
557.000000 0.029768
558.000000 0.025684
559.000000 0.012834
560.000000 0.017078
561.000000 0.025800
562.000000 0.021207
563.000000 0.042842
564.000000 0.034004
565.000000 0.029929
566.000000 0.012874
567.000000 0.008514
568.000000 0.021293
569.000000 0.029901
570.000000 0.025559
571.000000 0.021496
572.000000 0.008537
573.000000 0.017029
574.000000 0.034270
575.000000 0.047068
576.000000 0.025737
577.000000 0.034166
578.000000 0.017063
579.000000 0.025720
580.000000 0.025762
581.000000 0.012808
582.000000 0.029902
583.000000 0.029808
584.000000 0.017037
585.000000 0.012833
586.000000 0.025884
587.000000 0.030020
588.000000 0.017184
589.000000 0.021439
590.000000 0.021401
591.000000 0.025593
592.000000 0.025675
593.000000 0.025489
594.000000 0.008613
595.000000 0.012833
596.000000 0.030100
597.000000 0.029679
598.000000 0.025650
599.000000 0.017244
