# Left column = Time after Trigger in seconds & Right column = # Counts / Exposure = Flux per cm² s
0.000000 0.049354
1.000000 0.118468
2.000000 0.079268
3.000000 0.039255
4.000000 0.049390
5.000000 0.127616
6.000000 0.098433
7.000000 0.118207
8.000000 0.049092
9.000000 0.068957
10.000000 0.118185
11.000000 0.089314
12.000000 0.147017
13.000000 0.089280
14.000000 0.098817
15.000000 0.107999
16.000000 0.078169
17.000000 0.137556
18.000000 0.058986
19.000000 0.089630
20.000000 0.059214
21.000000 0.079152
22.000000 0.118549
23.000000 0.108549
24.000000 0.128615
25.000000 0.177814
26.000000 0.059771
27.000000 0.069118
28.000000 0.059213
29.000000 0.049275
30.000000 0.098805
31.000000 0.118592
32.000000 0.108977
33.000000 0.098433
34.000000 0.068732
35.000000 0.119236
36.000000 0.068952
37.000000 0.107831
38.000000 0.138538
39.000000 0.088756
40.000000 0.128329
41.000000 0.127865
42.000000 0.049555
43.000000 0.059308
44.000000 0.069062
45.000000 0.098531
46.000000 0.049291
47.000000 0.118648
48.000000 0.129362
49.000000 0.089453
50.000000 0.079926
51.000000 0.109524
52.000000 0.079807
53.000000 0.078386
54.000000 0.088685
55.000000 0.127770
56.000000 0.138035
57.000000 0.029595
58.000000 0.138727
59.000000 0.119743
60.000000 0.069136
61.000000 0.109057
62.000000 0.079055
63.000000 0.108967
64.000000 0.128548
65.000000 0.059296
66.000000 0.059222
67.000000 0.079308
68.000000 0.088574
69.000000 0.119256
70.000000 0.128493
71.000000 0.099401
72.000000 0.120260
73.000000 0.088938
74.000000 0.109212
75.000000 0.029710
76.000000 0.099639
77.000000 0.148625
78.000000 0.158460
79.000000 0.119246
80.000000 0.139768
81.000000 0.059425
82.000000 0.059669
83.000000 0.088908
84.000000 0.129810
85.000000 0.099534
86.000000 0.110183
87.000000 0.109258
88.000000 0.069681
89.000000 0.119354
90.000000 0.079647
91.000000 0.119372
92.000000 0.128373
93.000000 0.089717
94.000000 0.099907
95.000000 0.059636
96.000000 0.079892
97.000000 0.108927
98.000000 0.079617
99.000000 0.060245
100.000000 0.099257
101.000000 0.059548
102.000000 0.148651
103.000000 0.089332
104.000000 0.099489
105.000000 0.108217
106.000000 0.139500
107.000000 0.070036
108.000000 0.079081
109.000000 0.079697
110.000000 0.109932
111.000000 0.109682
112.000000 0.149769
113.000000 0.118644
114.000000 0.039790
115.000000 0.079316
116.000000 0.089099
117.000000 0.029924
118.000000 0.089655
119.000000 0.069650
120.000000 0.089724
121.000000 0.159293
122.000000 0.100117
123.000000 0.079613
124.000000 0.099624
125.000000 0.039965
126.000000 0.129466
127.000000 0.089340
128.000000 0.149699
129.000000 0.099835
130.000000 0.039667
131.000000 0.070135
132.000000 0.110066
133.000000 0.098744
134.000000 0.118851
135.000000 0.109608
136.000000 0.089942
137.000000 0.138879
138.000000 0.159073
139.000000 0.109078
140.000000 0.069863
141.000000 0.069712
142.000000 0.109531
143.000000 0.158976
144.000000 0.059570
145.000000 0.100049
146.000000 0.169000
147.000000 0.099829
148.000000 0.029930
149.000000 0.138915
150.000000 0.059473
151.000000 0.108694
152.000000 0.089512
153.000000 0.110073
154.000000 0.108974
155.000000 0.078745
156.000000 0.079895
157.000000 0.069330
158.000000 0.089236
159.000000 0.129149
160.000000 0.138878
161.000000 0.098723
162.000000 0.128835
163.000000 0.069768
164.000000 0.159801
165.000000 0.089283
166.000000 0.049965
167.000000 0.040011
168.000000 0.069467
169.000000 0.109557
170.000000 0.118845
171.000000 0.109661
172.000000 0.069352
173.000000 0.178728
174.000000 0.069753
175.000000 0.079933
176.000000 0.119855
177.000000 0.128605
178.000000 0.089745
179.000000 0.109640
180.000000 0.098959
181.000000 0.099336
182.000000 0.099608
183.000000 0.090295
184.000000 0.070004
185.000000 0.099395
186.000000 0.109649
187.000000 0.109867
188.000000 0.100510
189.000000 0.039833
190.000000 0.110552
191.000000 0.109283
192.000000 0.110634
193.000000 0.060135
194.000000 0.110010
195.000000 0.109144
196.000000 0.089469
197.000000 0.109097
198.000000 0.119664
199.000000 0.110086
200.000000 0.100190
201.000000 0.040150
202.000000 0.099677
203.000000 0.100321
204.000000 0.089441
205.000000 0.078885
206.000000 0.079574
207.000000 0.119858
208.000000 0.068926
209.000000 0.100335
210.000000 0.009932
211.000000 0.080159
212.000000 0.129482
213.000000 0.130383
214.000000 0.088720
215.000000 0.110770
216.000000 0.100111
217.000000 0.020018
218.000000 0.069358
219.000000 0.120451
220.000000 0.079437
221.000000 0.090472
222.000000 0.059540
223.000000 0.149963
224.000000 0.029852
225.000000 0.089996
226.000000 0.080085
227.000000 0.090601
228.000000 0.089141
229.000000 0.149524
230.000000 0.150037
231.000000 0.109559
232.000000 0.069572
233.000000 0.050442
234.000000 0.129348
235.000000 0.150620
236.000000 0.059452
237.000000 0.129633
238.000000 0.090216
239.000000 0.109483
240.000000 0.019798
241.000000 0.149041
242.000000 0.110019
243.000000 0.059518
244.000000 0.110151
245.000000 0.049609
246.000000 0.138859
247.000000 0.079221
248.000000 0.089739
249.000000 0.098852
250.000000 0.129407
251.000000 0.159579
252.000000 0.060308
253.000000 0.049722
254.000000 0.099705
255.000000 0.069277
256.000000 0.109840
257.000000 0.138745
258.000000 0.119828
259.000000 0.069934
260.000000 0.089216
261.000000 0.129755
262.000000 0.120110
263.000000 0.128845
264.000000 0.118828
265.000000 0.069967
266.000000 0.169555
267.000000 0.059685
268.000000 0.049604
269.000000 0.079975
270.000000 0.120180
271.000000 0.099761
272.000000 0.130064
273.000000 0.079932
274.000000 0.080203
275.000000 0.139986
276.000000 0.059418
277.000000 0.049975
278.000000 0.111186
279.000000 0.029935
280.000000 0.079755
281.000000 0.090524
282.000000 0.099839
283.000000 0.069652
284.000000 0.120321
285.000000 0.069712
286.000000 0.069824
287.000000 0.120312
288.000000 0.059685
289.000000 0.109901
290.000000 0.039778
291.000000 0.100264
292.000000 0.080313
293.000000 0.110520
294.000000 0.109756
295.000000 0.141738
296.000000 0.070083
297.000000 0.070097
298.000000 0.069783
299.000000 0.059748
300.000000 0.069898
301.000000 0.109159
302.000000 0.129352
303.000000 0.190311
304.000000 0.321901
305.000000 0.834970
306.000000 1.000000
307.000000 0.561289
308.000000 0.392073
309.000000 0.259649
310.000000 0.229755
311.000000 0.139362
312.000000 0.340388
313.000000 0.211094
314.000000 0.358143
315.000000 0.652593
316.000000 0.961429
317.000000 0.360712
318.000000 0.140416
319.000000 0.300165
320.000000 0.199901
321.000000 0.159615
322.000000 0.130631
323.000000 0.109736
324.000000 0.199521
325.000000 0.267323
326.000000 0.160349
327.000000 0.210407
328.000000 0.099836
329.000000 0.229478
330.000000 0.220311
331.000000 0.180757
332.000000 0.169136
333.000000 0.109725
334.000000 0.138762
335.000000 0.218763
336.000000 0.109595
337.000000 0.159252
338.000000 0.119095
339.000000 0.138367
340.000000 0.129957
341.000000 0.110270
342.000000 0.190325
343.000000 0.141221
344.000000 0.130448
345.000000 0.079160
346.000000 0.190452
347.000000 0.149682
348.000000 0.129730
349.000000 0.119530
350.000000 0.119921
351.000000 0.090168
352.000000 0.158821
353.000000 0.120332
354.000000 0.170311
355.000000 0.119818
356.000000 0.079488
357.000000 0.090847
358.000000 0.069669
359.000000 0.089858
360.000000 0.090160
361.000000 0.108919
362.000000 0.088964
363.000000 0.069887
364.000000 0.099427
365.000000 0.090004
366.000000 0.119668
367.000000 0.119072
368.000000 0.089759
369.000000 0.089564
370.000000 0.049662
371.000000 0.069624
372.000000 0.139814
373.000000 0.169940
374.000000 0.099442
375.000000 0.079767
376.000000 0.090116
377.000000 0.040055
378.000000 0.089596
379.000000 0.059539
380.000000 0.079816
381.000000 0.109219
382.000000 0.089526
383.000000 0.119535
384.000000 0.059633
385.000000 0.148283
386.000000 0.099791
387.000000 0.080589
388.000000 0.099582
389.000000 0.109968
390.000000 0.138662
391.000000 0.089622
392.000000 0.059665
393.000000 0.080768
394.000000 0.079480
395.000000 0.079324
396.000000 0.109552
397.000000 0.100397
398.000000 0.150076
399.000000 0.110181
400.000000 0.069236
401.000000 0.120844
402.000000 0.140909
403.000000 0.079662
404.000000 0.080128
405.000000 0.059868
406.000000 0.080477
407.000000 0.050109
408.000000 0.139111
409.000000 0.079695
410.000000 0.069502
411.000000 0.099570
412.000000 0.099939
413.000000 0.078803
414.000000 0.119664
415.000000 0.109667
416.000000 0.059302
417.000000 0.109144
418.000000 0.120498
419.000000 0.089183
420.000000 0.100048
421.000000 0.069866
422.000000 0.099386
423.000000 0.129912
424.000000 0.029761
425.000000 0.108862
426.000000 0.109658
427.000000 0.049716
428.000000 0.099670
429.000000 0.059712
430.000000 0.069787
431.000000 0.080027
432.000000 0.069866
433.000000 0.089345
434.000000 0.099707
435.000000 0.099379
436.000000 0.139676
437.000000 0.049189
438.000000 0.090261
439.000000 0.079409
440.000000 0.059424
441.000000 0.110030
442.000000 0.049957
443.000000 0.060159
444.000000 0.019979
445.000000 0.089945
446.000000 0.098618
447.000000 0.089775
448.000000 0.109360
449.000000 0.049790
450.000000 0.099267
451.000000 0.080036
452.000000 0.049421
453.000000 0.059526
454.000000 0.099385
455.000000 0.089602
456.000000 0.089537
457.000000 0.039675
458.000000 0.049473
459.000000 0.099183
460.000000 0.049620
461.000000 0.089192
462.000000 0.150650
463.000000 0.069332
464.000000 0.090499
465.000000 0.108410
466.000000 0.108871
467.000000 0.109764
468.000000 0.089339
469.000000 0.069069
470.000000 0.069217
471.000000 0.070029
472.000000 0.069586
473.000000 0.029935
474.000000 0.089469
475.000000 0.059657
476.000000 0.079863
477.000000 0.059673
478.000000 0.069238
479.000000 0.029791
480.000000 0.129269
481.000000 0.039714
482.000000 0.009849
483.000000 0.089118
484.000000 0.098786
485.000000 0.128849
486.000000 0.029920
487.000000 0.109589
488.000000 0.109892
489.000000 0.118747
490.000000 0.069893
491.000000 0.039440
492.000000 0.138384
493.000000 0.069689
494.000000 0.039679
495.000000 0.078969
496.000000 0.119842
497.000000 0.089263
498.000000 0.069566
499.000000 0.089544
500.000000 0.109755
501.000000 0.019992
502.000000 0.089161
503.000000 0.049211
504.000000 0.138698
505.000000 0.118063
506.000000 0.049451
507.000000 0.078913
508.000000 0.059118
509.000000 0.109892
510.000000 0.090242
511.000000 0.069230
512.000000 0.088743
513.000000 0.079399
514.000000 0.059410
515.000000 0.088913
516.000000 0.039683
517.000000 0.059411
518.000000 0.068974
519.000000 0.039179
520.000000 0.059473
521.000000 0.088555
522.000000 0.069600
523.000000 0.089424
524.000000 0.099831
525.000000 0.060129
526.000000 0.029680
527.000000 0.029908
528.000000 0.049284
529.000000 0.059339
530.000000 0.049356
531.000000 0.059370
532.000000 0.049714
533.000000 0.098282
534.000000 0.079818
535.000000 0.029561
536.000000 0.108714
537.000000 0.109383
538.000000 0.049421
539.000000 0.089321
540.000000 0.039375
541.000000 0.039871
542.000000 0.029686
543.000000 0.059371
544.000000 0.069141
545.000000 0.009926
546.000000 0.029900
547.000000 0.039130
548.000000 0.049077
549.000000 0.069168
550.000000 0.049286
551.000000 0.039307
552.000000 0.118956
553.000000 0.098679
554.000000 0.137861
555.000000 0.107948
556.000000 0.088646
557.000000 0.069035
558.000000 0.058961
559.000000 0.058944
560.000000 0.039691
561.000000 0.019682
562.000000 0.089264
563.000000 0.088650
564.000000 0.049359
565.000000 0.079027
566.000000 0.058975
567.000000 0.078805
568.000000 0.058935
569.000000 0.108204
570.000000 0.069580
571.000000 0.059337
572.000000 0.069024
573.000000 0.039480
574.000000 0.069349
575.000000 0.039536
576.000000 0.059277
577.000000 0.029560
578.000000 0.059480
579.000000 0.059480
580.000000 0.039586
581.000000 0.039378
582.000000 0.009771
583.000000 0.069677
584.000000 0.059553
585.000000 0.098527
586.000000 0.059040
587.000000 0.068907
588.000000 0.059020
589.000000 0.069016
590.000000 0.049315
591.000000 0.059165
592.000000 0.059155
593.000000 0.000000
594.000000 0.049406
595.000000 0.069239
596.000000 0.049104
597.000000 0.029530
598.000000 0.049348
599.000000 0.059120
