# Left column = Time after Trigger in seconds & Right column = # Counts / Exposure = Flux per cm² s
0.000000 0.102513
1.000000 0.113168
2.000000 0.110885
3.000000 0.133123
4.000000 0.126847
5.000000 0.128784
6.000000 0.138721
7.000000 0.127732
8.000000 0.148316
9.000000 0.162476
10.000000 0.111301
11.000000 0.153256
12.000000 0.195336
13.000000 0.119289
14.000000 0.120128
15.000000 0.122683
16.000000 0.125622
17.000000 0.115263
18.000000 0.165903
19.000000 0.120480
20.000000 0.130511
21.000000 0.125140
22.000000 0.168966
23.000000 0.142864
24.000000 0.119224
25.000000 0.133806
26.000000 0.160338
27.000000 0.181441
28.000000 0.143313
29.000000 0.146117
30.000000 0.115092
31.000000 0.145865
32.000000 0.114442
33.000000 0.161362
34.000000 0.158339
35.000000 0.144273
36.000000 0.122321
37.000000 0.171618
38.000000 0.108814
39.000000 0.129037
40.000000 0.122558
41.000000 0.117442
42.000000 0.163379
43.000000 0.131587
44.000000 0.099839
45.000000 0.134294
46.000000 0.172357
47.000000 0.117768
48.000000 0.126681
49.000000 0.148700
50.000000 0.149255
51.000000 0.140394
52.000000 0.180148
53.000000 0.153933
54.000000 0.122586
55.000000 0.138118
56.000000 0.134466
57.000000 0.120700
58.000000 0.165471
59.000000 0.143833
60.000000 0.130229
61.000000 0.160097
62.000000 0.117692
63.000000 0.094777
64.000000 0.168898
65.000000 0.166924
66.000000 0.120998
67.000000 0.115109
68.000000 0.129320
69.000000 0.125612
70.000000 0.184987
71.000000 0.135242
72.000000 0.129658
73.000000 0.141754
74.000000 0.156242
75.000000 0.138218
76.000000 0.138184
77.000000 0.135720
78.000000 0.145070
79.000000 0.137694
80.000000 0.152293
81.000000 0.138362
82.000000 0.132171
83.000000 0.112850
84.000000 0.158540
85.000000 0.135381
86.000000 0.132587
87.000000 0.145636
88.000000 0.103445
89.000000 0.104197
90.000000 0.141101
91.000000 0.127831
92.000000 0.153615
93.000000 0.125008
94.000000 0.135693
95.000000 0.179408
96.000000 0.171603
97.000000 0.159424
98.000000 0.164140
99.000000 0.165860
100.000000 0.145723
101.000000 0.150874
102.000000 0.139276
103.000000 0.133184
104.000000 0.125053
105.000000 0.136876
106.000000 0.159174
107.000000 0.162018
108.000000 0.122130
109.000000 0.158418
110.000000 0.161443
111.000000 0.130583
112.000000 0.157380
113.000000 0.203535
114.000000 0.170322
115.000000 0.138843
116.000000 0.162587
117.000000 0.139560
118.000000 0.122327
119.000000 0.154371
120.000000 0.124530
121.000000 0.149237
122.000000 0.154819
123.000000 0.142356
124.000000 0.145605
125.000000 0.118614
126.000000 0.145562
127.000000 0.164311
128.000000 0.111302
129.000000 0.179971
130.000000 0.132207
131.000000 0.167267
132.000000 0.136768
133.000000 0.166136
134.000000 0.139671
135.000000 0.133046
136.000000 0.133277
137.000000 0.148445
138.000000 0.134287
139.000000 0.155432
140.000000 0.155776
141.000000 0.134124
142.000000 0.151934
143.000000 0.167567
144.000000 0.151722
145.000000 0.189277
146.000000 0.169393
147.000000 0.145030
148.000000 0.179118
149.000000 0.151737
150.000000 0.136904
151.000000 0.155424
152.000000 0.152183
153.000000 0.172981
154.000000 0.170699
155.000000 0.171698
156.000000 0.157206
157.000000 0.199342
158.000000 0.130936
159.000000 0.198364
160.000000 0.154456
161.000000 0.110916
162.000000 0.159900
163.000000 0.158092
164.000000 0.126206
165.000000 0.157874
166.000000 0.129134
167.000000 0.152259
168.000000 0.157074
169.000000 0.128942
170.000000 0.181267
171.000000 0.134254
172.000000 0.143403
173.000000 0.159344
174.000000 0.179515
175.000000 0.141308
176.000000 0.169811
177.000000 0.108183
178.000000 0.134885
179.000000 0.170486
180.000000 0.198929
181.000000 0.150062
182.000000 0.179539
183.000000 0.137201
184.000000 0.162765
185.000000 0.164338
186.000000 0.159178
187.000000 0.157078
188.000000 0.176515
189.000000 0.129697
190.000000 0.132860
191.000000 0.141194
192.000000 0.222140
193.000000 0.155416
194.000000 0.146521
195.000000 0.139353
196.000000 0.131225
197.000000 0.190752
198.000000 0.131967
199.000000 0.166658
200.000000 0.213449
201.000000 0.184972
202.000000 0.171196
203.000000 0.170696
204.000000 0.152273
205.000000 0.155804
206.000000 0.139204
207.000000 0.123352
208.000000 0.159337
209.000000 0.119771
210.000000 0.164960
211.000000 0.171554
212.000000 0.126843
213.000000 0.149804
214.000000 0.166020
215.000000 0.144038
216.000000 0.156755
217.000000 0.215100
218.000000 0.157775
219.000000 0.145466
220.000000 0.186761
221.000000 0.164801
222.000000 0.157364
223.000000 0.153089
224.000000 0.138371
225.000000 0.112855
226.000000 0.157609
227.000000 0.162313
228.000000 0.179405
229.000000 0.123564
230.000000 0.237141
231.000000 0.145275
232.000000 0.175074
233.000000 0.123649
234.000000 0.154955
235.000000 0.156717
236.000000 0.198386
237.000000 0.148121
238.000000 0.133903
239.000000 0.129855
240.000000 0.148536
241.000000 0.148716
242.000000 0.162465
243.000000 0.174482
244.000000 0.124712
245.000000 0.150143
246.000000 0.132960
247.000000 0.198385
248.000000 0.165352
249.000000 0.174982
250.000000 0.167466
251.000000 0.199254
252.000000 0.151512
253.000000 0.186578
254.000000 0.130839
255.000000 0.143565
256.000000 0.180384
257.000000 0.151754
258.000000 0.216364
259.000000 0.131368
260.000000 0.148427
261.000000 0.124695
262.000000 0.206506
263.000000 0.154131
264.000000 0.130623
265.000000 0.136249
266.000000 0.166833
267.000000 0.151898
268.000000 0.155561
269.000000 0.173557
270.000000 0.143958
271.000000 0.164631
272.000000 0.156393
273.000000 0.140125
274.000000 0.177989
275.000000 0.177912
276.000000 0.201822
277.000000 0.151065
278.000000 0.134456
279.000000 0.143620
280.000000 0.167509
281.000000 0.139659
282.000000 0.173497
283.000000 0.170885
284.000000 0.169479
285.000000 0.182162
286.000000 0.169867
287.000000 0.158194
288.000000 0.194659
289.000000 0.182049
290.000000 0.211736
291.000000 0.139959
292.000000 0.183129
293.000000 0.143489
294.000000 0.149646
295.000000 0.162178
296.000000 0.155297
297.000000 0.161003
298.000000 0.158190
299.000000 0.306663
300.000000 0.351165
301.000000 0.213292
302.000000 0.156407
303.000000 0.176482
304.000000 0.199670
305.000000 0.365070
306.000000 0.747492
307.000000 0.705534
308.000000 0.835283
309.000000 1.000000
310.000000 0.786399
311.000000 0.438878
312.000000 0.312792
313.000000 0.375217
314.000000 0.311904
315.000000 0.291936
316.000000 0.283226
317.000000 0.283704
318.000000 0.267701
319.000000 0.253199
320.000000 0.225728
321.000000 0.275892
322.000000 0.254241
323.000000 0.248938
324.000000 0.233174
325.000000 0.238008
326.000000 0.203755
327.000000 0.197069
328.000000 0.195228
329.000000 0.200678
330.000000 0.214632
331.000000 0.274846
332.000000 0.299205
333.000000 0.217313
334.000000 0.270083
335.000000 0.197740
336.000000 0.200472
337.000000 0.222079
338.000000 0.203755
339.000000 0.225503
340.000000 0.204023
341.000000 0.193809
342.000000 0.194589
343.000000 0.212752
344.000000 0.194371
345.000000 0.176806
346.000000 0.163523
347.000000 0.183340
348.000000 0.199563
349.000000 0.201054
350.000000 0.217759
351.000000 0.207067
352.000000 0.162137
353.000000 0.237689
354.000000 0.247684
355.000000 0.192022
356.000000 0.223428
357.000000 0.201518
358.000000 0.239090
359.000000 0.193886
360.000000 0.233620
361.000000 0.141969
362.000000 0.166452
363.000000 0.178352
364.000000 0.252896
365.000000 0.226927
366.000000 0.192207
367.000000 0.235252
368.000000 0.253298
369.000000 0.172010
370.000000 0.214791
371.000000 0.182502
372.000000 0.228276
373.000000 0.186719
374.000000 0.201712
375.000000 0.269151
376.000000 0.191080
377.000000 0.202357
378.000000 0.214611
379.000000 0.205450
380.000000 0.213362
381.000000 0.191846
382.000000 0.137914
383.000000 0.255936
384.000000 0.252450
385.000000 0.188031
386.000000 0.193756
387.000000 0.228785
388.000000 0.231002
389.000000 0.202693
390.000000 0.207572
391.000000 0.162061
392.000000 0.255633
393.000000 0.204202
394.000000 0.237294
395.000000 0.227336
396.000000 0.228192
397.000000 0.206165
398.000000 0.215941
399.000000 0.250139
400.000000 0.256108
401.000000 0.189792
402.000000 0.200577
403.000000 0.191596
404.000000 0.187494
405.000000 0.179676
406.000000 0.233631
407.000000 0.179573
408.000000 0.159408
409.000000 0.200033
410.000000 0.160734
411.000000 0.190579
412.000000 0.167473
413.000000 0.221404
414.000000 0.200169
415.000000 0.206184
416.000000 0.208889
417.000000 0.173192
418.000000 0.222651
419.000000 0.161301
420.000000 0.199941
421.000000 0.237407
422.000000 0.232889
423.000000 0.221664
424.000000 0.214265
425.000000 0.235822
426.000000 0.198619
427.000000 0.248985
428.000000 0.175470
429.000000 0.195856
430.000000 0.145536
431.000000 0.200609
432.000000 0.216426
433.000000 0.212300
434.000000 0.230700
435.000000 0.194951
436.000000 0.203813
437.000000 0.217770
438.000000 0.138603
439.000000 0.218302
440.000000 0.257333
441.000000 0.189011
442.000000 0.209244
443.000000 0.175667
444.000000 0.199643
445.000000 0.200047
446.000000 0.175421
447.000000 0.207067
448.000000 0.220016
449.000000 0.213308
450.000000 0.198494
451.000000 0.202984
452.000000 0.217916
453.000000 0.239241
454.000000 0.160794
455.000000 0.238418
456.000000 0.184358
457.000000 0.215894
458.000000 0.229252
459.000000 0.163081
460.000000 0.240256
461.000000 0.259059
462.000000 0.254250
463.000000 0.256375
464.000000 0.213228
465.000000 0.201073
466.000000 0.146838
467.000000 0.212385
468.000000 0.220270
469.000000 0.248068
470.000000 0.161213
471.000000 0.271515
472.000000 0.197064
473.000000 0.191368
474.000000 0.233792
475.000000 0.239644
476.000000 0.205249
477.000000 0.196860
478.000000 0.217172
479.000000 0.213565
480.000000 0.151997
481.000000 0.247089
482.000000 0.201443
483.000000 0.201945
484.000000 0.253370
485.000000 0.206403
486.000000 0.183349
487.000000 0.186206
488.000000 0.166489
489.000000 0.262870
490.000000 0.202792
491.000000 0.230954
492.000000 0.201404
493.000000 0.218785
494.000000 0.199108
495.000000 0.209576
496.000000 0.235350
497.000000 0.205767
498.000000 0.224038
499.000000 0.213850
500.000000 0.250262
501.000000 0.229222
502.000000 0.255045
503.000000 0.215819
504.000000 0.213232
505.000000 0.174103
506.000000 0.220864
507.000000 0.194243
508.000000 0.242611
509.000000 0.178252
510.000000 0.221008
511.000000 0.224564
512.000000 0.219226
513.000000 0.207945
514.000000 0.218028
515.000000 0.204044
516.000000 0.231748
517.000000 0.186764
518.000000 0.189942
519.000000 0.175432
520.000000 0.206928
521.000000 0.171078
522.000000 0.197831
523.000000 0.190868
524.000000 0.220642
525.000000 0.263809
526.000000 0.183781
527.000000 0.199421
528.000000 0.185690
529.000000 0.204967
530.000000 0.230675
531.000000 0.203583
532.000000 0.205983
533.000000 0.160310
534.000000 0.195127
535.000000 0.188808
536.000000 0.201795
537.000000 0.229288
538.000000 0.242087
539.000000 0.207455
540.000000 0.197980
541.000000 0.238636
542.000000 0.218429
543.000000 0.185927
544.000000 0.215416
545.000000 0.219446
546.000000 0.206807
547.000000 0.237029
548.000000 0.206763
549.000000 0.239923
550.000000 0.221954
551.000000 0.189294
552.000000 0.217698
553.000000 0.207186
554.000000 0.179473
555.000000 0.224584
556.000000 0.161488
557.000000 0.200283
558.000000 0.201229
559.000000 0.260545
560.000000 0.229839
561.000000 0.188394
562.000000 0.191207
563.000000 0.182192
564.000000 0.196548
565.000000 0.216370
566.000000 0.204307
567.000000 0.199591
568.000000 0.179666
569.000000 0.167673
570.000000 0.187017
571.000000 0.197571
572.000000 0.182955
573.000000 0.151410
574.000000 0.133116
575.000000 0.213197
576.000000 0.169357
577.000000 0.179966
578.000000 0.233674
579.000000 0.202551
580.000000 0.194627
581.000000 0.175638
582.000000 0.169384
583.000000 0.182748
584.000000 0.192661
585.000000 0.189752
586.000000 0.197215
587.000000 0.179026
588.000000 0.133364
589.000000 0.164069
590.000000 0.169658
591.000000 0.172672
592.000000 0.249495
593.000000 0.206687
594.000000 0.198869
595.000000 0.248270
596.000000 0.182152
597.000000 0.156836
598.000000 0.172166
599.000000 0.163446
