# Left column = Time after Trigger in seconds & Right column = # Counts / Exposure = Flux per cm² s
-299.500000 0.036932
-298.500000 0.025440
-297.500000 0.031254
-296.500000 0.014179
-295.500000 0.014244
-294.500000 0.025446
-293.500000 0.022700
-292.500000 0.022623
-291.500000 0.022604
-290.500000 0.031399
-289.500000 0.019847
-288.500000 0.022687
-287.500000 0.028441
-286.500000 0.039835
-285.500000 0.031289
-284.500000 0.022655
-283.500000 0.031274
-282.500000 0.031203
-281.500000 0.022745
-280.500000 0.031198
-279.500000 0.034080
-278.500000 0.031226
-277.500000 0.033981
-276.500000 0.045529
-275.500000 0.022689
-274.500000 0.022566
-273.500000 0.031127
-272.500000 0.014199
-271.500000 0.034032
-270.500000 0.014236
-269.500000 0.022730
-268.500000 0.016989
-267.500000 0.034119
-266.500000 0.017077
-265.500000 0.025538
-264.500000 0.025549
-263.500000 0.016943
-262.500000 0.036939
-261.500000 0.014291
-260.500000 0.031295
-259.500000 0.022848
-258.500000 0.014203
-257.500000 0.025656
-256.500000 0.033969
-255.500000 0.014212
-254.500000 0.022601
-253.500000 0.019854
-252.500000 0.028502
-251.500000 0.022677
-250.500000 0.025696
-249.500000 0.028436
-248.500000 0.017090
-247.500000 0.025572
-246.500000 0.011322
-245.500000 0.028428
-244.500000 0.034150
-243.500000 0.036861
-242.500000 0.025634
-241.500000 0.017020
-240.500000 0.028596
-239.500000 0.025685
-238.500000 0.022753
-237.500000 0.011344
-236.500000 0.017021
-235.500000 0.025620
-234.500000 0.014200
-233.500000 0.014218
-232.500000 0.033958
-231.500000 0.022752
-230.500000 0.031187
-229.500000 0.025603
-228.500000 0.019877
-227.500000 0.014245
-226.500000 0.028300
-225.500000 0.011424
-224.500000 0.039754
-223.500000 0.019864
-222.500000 0.022791
-221.500000 0.019854
-220.500000 0.022635
-219.500000 0.017015
-218.500000 0.011459
-217.500000 0.017113
-216.500000 0.034284
-215.500000 0.014130
-214.500000 0.034207
-213.500000 0.014196
-212.500000 0.017078
-211.500000 0.019909
-210.500000 0.022755
-209.500000 0.022802
-208.500000 0.028484
-207.500000 0.028549
-206.500000 0.025631
-205.500000 0.017161
-204.500000 0.022674
-203.500000 0.022685
-202.500000 0.019826
-201.500000 0.034152
-200.500000 0.025602
-199.500000 0.014238
-198.500000 0.028406
-197.500000 0.017048
-196.500000 0.017092
-195.500000 0.008497
-194.500000 0.019968
-193.500000 0.039693
-192.500000 0.019888
-191.500000 0.042490
-190.500000 0.028353
-189.500000 0.028454
-188.500000 0.022756
-187.500000 0.019832
-186.500000 0.022860
-185.500000 0.031297
-184.500000 0.019840
-183.500000 0.022703
-182.500000 0.031326
-181.500000 0.019829
-180.500000 0.039799
-179.500000 0.031145
-178.500000 0.019924
-177.500000 0.028394
-176.500000 0.025691
-175.500000 0.017120
-174.500000 0.019954
-173.500000 0.028488
-172.500000 0.014281
-171.500000 0.031215
-170.500000 0.025577
-169.500000 0.022732
-168.500000 0.022680
-167.500000 0.031357
-166.500000 0.017131
-165.500000 0.019869
-164.500000 0.028427
-163.500000 0.025470
-162.500000 0.014270
-161.500000 0.025643
-160.500000 0.028349
-159.500000 0.014275
-158.500000 0.031247
-157.500000 0.019994
-156.500000 0.025733
-155.500000 0.017165
-154.500000 0.034157
-153.500000 0.020107
-152.500000 0.028448
-151.500000 0.017085
-150.500000 0.011379
-149.500000 0.022816
-148.500000 0.025658
-147.500000 0.025768
-146.500000 0.014293
-145.500000 0.020027
-144.500000 0.039876
-143.500000 0.028573
-142.500000 0.031587
-141.500000 0.025763
-140.500000 0.022861
-139.500000 0.014275
-138.500000 0.017155
-137.500000 0.025918
-136.500000 0.019929
-135.500000 0.034609
-134.500000 0.042565
-133.500000 0.028506
-132.500000 0.031460
-131.500000 0.019880
-130.500000 0.020045
-129.500000 0.011471
-128.500000 0.028559
-127.500000 0.028597
-126.500000 0.025750
-125.500000 0.034375
-124.500000 0.020045
-123.500000 0.028639
-122.500000 0.042852
-121.500000 0.031448
-120.500000 0.014347
-119.500000 0.020002
-118.500000 0.025752
-117.500000 0.017154
-116.500000 0.022904
-115.500000 0.025729
-114.500000 0.025808
-113.500000 0.019976
-112.500000 0.019945
-111.500000 0.017259
-110.500000 0.031478
-109.500000 0.019841
-108.500000 0.028678
-107.500000 0.057553
-106.500000 0.014366
-105.500000 0.028679
-104.500000 0.020078
-103.500000 0.011524
-102.500000 0.028699
-101.500000 0.025893
-100.500000 0.028697
-99.500000 0.031464
-98.500000 0.022817
-97.500000 0.025797
-96.500000 0.034465
-95.500000 0.014397
-94.500000 0.020204
-93.500000 0.017233
-92.500000 0.037269
-91.500000 0.008603
-90.500000 0.034535
-89.500000 0.025785
-88.500000 0.031648
-87.500000 0.028551
-86.500000 0.020273
-85.500000 0.028503
-84.500000 0.031396
-83.500000 0.020034
-82.500000 0.008567
-81.500000 0.028794
-80.500000 0.020118
-79.500000 0.014402
-78.500000 0.034479
-77.500000 0.034204
-76.500000 0.020087
-75.500000 0.028699
-74.500000 0.022851
-73.500000 0.034440
-72.500000 0.022867
-71.500000 0.017323
-70.500000 0.040027
-69.500000 0.026007
-68.500000 0.040045
-67.500000 0.028785
-66.500000 0.028632
-65.500000 0.023034
-64.500000 0.031553
-63.500000 0.023062
-62.500000 0.037609
-61.500000 0.022886
-60.500000 0.037319
-59.500000 0.049236
-58.500000 0.017264
-57.500000 0.028757
-56.500000 0.008590
-55.500000 0.028790
-54.500000 0.037578
-53.500000 0.040152
-52.500000 0.028727
-51.500000 0.017274
-50.500000 0.028797
-49.500000 0.008636
-48.500000 0.057470
-47.500000 0.020141
-46.500000 0.028750
-45.500000 0.040293
-44.500000 0.031484
-43.500000 0.028743
-42.500000 0.028704
-41.500000 0.017235
-40.500000 0.031555
-39.500000 0.025941
-38.500000 0.028818
-37.500000 0.020178
-36.500000 0.014421
-35.500000 0.023163
-34.500000 0.028933
-33.500000 0.023053
-32.500000 0.026010
-31.500000 0.028870
-30.500000 0.017200
-29.500000 0.031917
-28.500000 0.031583
-27.500000 0.034822
-26.500000 0.025933
-25.500000 0.025883
-24.500000 0.011492
-23.500000 0.037513
-22.500000 0.037332
-21.500000 0.025818
-20.500000 0.037637
-19.500000 0.014356
-18.500000 0.014389
-17.500000 0.017291
-16.500000 0.025969
-15.500000 0.034836
-14.500000 0.028785
-13.500000 0.028746
-12.500000 0.017185
-11.500000 0.028953
-10.500000 0.031754
-9.500000 0.014388
-8.500000 0.043625
-7.500000 0.031859
-6.500000 0.028826
-5.500000 0.034882
-4.500000 0.049145
-3.500000 0.017333
-2.500000 0.034726
-1.500000 0.020281
-0.500000 0.035523
0.500000 1.000000
1.500000 0.115229
2.500000 0.277257
3.500000 0.210601
4.500000 0.181952
5.500000 0.233581
6.500000 0.196357
7.500000 0.200907
8.500000 0.147093
9.500000 0.185372
10.500000 0.124084
11.500000 0.110569
12.500000 0.115759
13.500000 0.066867
14.500000 0.089816
15.500000 0.069351
16.500000 0.081824
17.500000 0.095592
18.500000 0.061089
19.500000 0.066333
20.500000 0.054921
21.500000 0.054924
22.500000 0.049510
23.500000 0.049353
24.500000 0.040586
25.500000 0.052784
26.500000 0.049138
27.500000 0.040680
28.500000 0.046500
29.500000 0.057776
30.500000 0.049190
31.500000 0.028805
32.500000 0.051921
33.500000 0.034858
34.500000 0.055279
35.500000 0.046298
36.500000 0.046231
37.500000 0.055294
38.500000 0.043774
39.500000 0.055332
40.500000 0.063649
41.500000 0.040798
42.500000 0.028780
43.500000 0.037600
44.500000 0.028855
45.500000 0.040481
46.500000 0.031931
47.500000 0.040633
48.500000 0.034895
49.500000 0.043721
50.500000 0.037514
51.500000 0.034842
52.500000 0.043377
53.500000 0.025968
54.500000 0.046420
55.500000 0.023255
56.500000 0.051904
57.500000 0.052548
58.500000 0.029063
59.500000 0.037724
60.500000 0.026026
61.500000 0.055113
62.500000 0.014478
63.500000 0.040524
64.500000 0.031927
65.500000 0.043565
66.500000 0.026096
67.500000 0.055316
68.500000 0.017439
69.500000 0.023056
70.500000 0.034630
71.500000 0.037632
72.500000 0.034757
73.500000 0.031952
74.500000 0.023189
75.500000 0.023360
76.500000 0.069725
77.500000 0.017452
78.500000 0.037509
79.500000 0.028955
80.500000 0.034908
81.500000 0.023122
82.500000 0.049284
83.500000 0.020126
84.500000 0.034823
85.500000 0.031746
86.500000 0.031834
87.500000 0.049340
88.500000 0.052538
89.500000 0.040460
90.500000 0.043336
91.500000 0.049189
92.500000 0.023094
93.500000 0.026204
94.500000 0.031914
95.500000 0.023285
96.500000 0.037674
97.500000 0.020286
98.500000 0.040614
99.500000 0.037593
100.500000 0.031919
101.500000 0.037658
102.500000 0.011518
103.500000 0.043245
104.500000 0.020355
105.500000 0.026038
106.500000 0.025928
107.500000 0.031706
108.500000 0.031968
109.500000 0.037561
110.500000 0.031780
111.500000 0.057234
112.500000 0.017263
113.500000 0.023211
114.500000 0.026068
115.500000 0.034697
116.500000 0.034807
117.500000 0.034487
118.500000 0.017323
119.500000 0.026014
120.500000 0.032096
121.500000 0.052064
122.500000 0.031855
123.500000 0.028769
124.500000 0.023201
125.500000 0.037696
126.500000 0.043278
127.500000 0.043600
128.500000 0.034770
129.500000 0.031815
130.500000 0.028834
131.500000 0.023226
132.500000 0.014602
133.500000 0.026111
134.500000 0.028960
135.500000 0.043481
136.500000 0.017463
137.500000 0.020296
138.500000 0.031782
139.500000 0.026028
140.500000 0.026140
141.500000 0.022991
142.500000 0.028765
143.500000 0.028887
144.500000 0.023122
145.500000 0.028929
146.500000 0.023140
147.500000 0.034659
148.500000 0.031972
149.500000 0.022991
150.500000 0.037605
151.500000 0.017257
152.500000 0.043788
153.500000 0.040363
154.500000 0.026100
155.500000 0.023115
156.500000 0.023059
157.500000 0.031986
158.500000 0.014482
159.500000 0.040457
160.500000 0.028832
161.500000 0.023178
162.500000 0.023082
163.500000 0.037477
164.500000 0.034481
165.500000 0.026021
166.500000 0.055090
167.500000 0.043312
168.500000 0.029183
169.500000 0.046072
170.500000 0.026137
171.500000 0.037619
172.500000 0.023289
173.500000 0.017298
174.500000 0.043364
175.500000 0.025977
176.500000 0.023148
177.500000 0.040450
178.500000 0.034674
179.500000 0.037845
180.500000 0.043419
181.500000 0.031717
182.500000 0.017388
183.500000 0.017295
184.500000 0.037601
185.500000 0.020229
186.500000 0.037475
187.500000 0.032107
188.500000 0.049306
189.500000 0.040618
190.500000 0.020274
191.500000 0.029166
192.500000 0.031943
193.500000 0.046454
194.500000 0.028988
195.500000 0.020259
196.500000 0.026101
197.500000 0.037666
198.500000 0.029047
199.500000 0.028900
200.500000 0.043393
201.500000 0.026051
202.500000 0.017308
203.500000 0.020163
204.500000 0.031704
205.500000 0.026158
206.500000 0.029019
207.500000 0.023123
208.500000 0.046346
209.500000 0.028787
210.500000 0.026218
211.500000 0.040491
212.500000 0.020373
213.500000 0.028940
214.500000 0.028946
215.500000 0.034374
216.500000 0.026255
217.500000 0.034613
218.500000 0.046340
219.500000 0.043150
220.500000 0.037427
221.500000 0.028949
222.500000 0.020240
223.500000 0.031985
224.500000 0.020322
225.500000 0.037586
226.500000 0.028880
227.500000 0.034874
228.500000 0.031730
229.500000 0.023114
230.500000 0.037985
231.500000 0.017439
232.500000 0.043480
233.500000 0.026151
234.500000 0.023253
235.500000 0.020363
236.500000 0.023186
237.500000 0.037595
238.500000 0.026209
239.500000 0.028977
240.500000 0.029035
241.500000 0.034881
242.500000 0.017432
243.500000 0.034572
244.500000 0.057892
245.500000 0.028926
246.500000 0.034760
247.500000 0.035016
248.500000 0.034829
249.500000 0.014433
250.500000 0.046245
251.500000 0.020306
252.500000 0.040532
253.500000 0.043565
254.500000 0.028813
255.500000 0.037846
256.500000 0.034983
257.500000 0.023050
258.500000 0.032037
259.500000 0.028854
260.500000 0.026299
261.500000 0.028839
262.500000 0.026044
263.500000 0.026078
264.500000 0.023244
265.500000 0.025993
266.500000 0.020440
267.500000 0.031751
268.500000 0.034669
269.500000 0.017459
270.500000 0.031939
271.500000 0.014568
272.500000 0.052507
273.500000 0.031925
274.500000 0.023121
275.500000 0.011688
276.500000 0.034778
277.500000 0.032001
278.500000 0.014571
279.500000 0.026032
280.500000 0.028922
281.500000 0.014515
282.500000 0.029229
283.500000 0.040780
284.500000 0.026009
285.500000 0.037620
286.500000 0.029134
287.500000 0.040549
288.500000 0.032146
289.500000 0.032168
290.500000 0.035004
291.500000 0.066674
292.500000 0.037787
293.500000 0.043557
294.500000 0.037938
295.500000 0.037892
296.500000 0.026102
297.500000 0.028880
298.500000 0.034922
299.500000 0.029289
