# Left column = Time after Trigger in seconds & Right column = # Counts / Exposure = Flux per cm² s
0.000000 0.000000
1.000000 0.000000
2.000000 0.000000
3.000000 0.000000
4.000000 0.000000
5.000000 0.000000
6.000000 0.000000
7.000000 0.000000
8.000000 0.000000
9.000000 0.000000
10.000000 0.000000
11.000000 0.000000
12.000000 0.000000
13.000000 0.000000
14.000000 0.000000
15.000000 0.000000
16.000000 0.000000
17.000000 0.000000
18.000000 0.000000
19.000000 0.000000
20.000000 0.000000
21.000000 0.000000
22.000000 0.000000
23.000000 0.000000
24.000000 0.000000
25.000000 0.000000
26.000000 0.000000
27.000000 0.000000
28.000000 0.000000
29.000000 0.000000
30.000000 0.000000
31.000000 0.000000
32.000000 0.000000
33.000000 0.000000
34.000000 0.000000
35.000000 0.000000
36.000000 0.000000
37.000000 0.000000
38.000000 0.000000
39.000000 0.000000
40.000000 0.000000
41.000000 0.000000
42.000000 0.000000
43.000000 0.000000
44.000000 0.000000
45.000000 0.000000
46.000000 0.000000
47.000000 0.000000
48.000000 0.000000
49.000000 0.000000
50.000000 0.000000
51.000000 0.000000
52.000000 0.000000
53.000000 0.000000
54.000000 0.000000
55.000000 0.000000
56.000000 0.000000
57.000000 0.000000
58.000000 0.000000
59.000000 0.000000
60.000000 0.000000
61.000000 0.000000
62.000000 0.000000
63.000000 0.000000
64.000000 0.000000
65.000000 0.000000
66.000000 0.000000
67.000000 0.000000
68.000000 0.000000
69.000000 0.000000
70.000000 0.000000
71.000000 0.000000
72.000000 0.000000
73.000000 0.000000
74.000000 0.000000
75.000000 0.000000
76.000000 0.000000
77.000000 0.000000
78.000000 0.000000
79.000000 0.000000
80.000000 0.000000
81.000000 0.000000
82.000000 0.000000
83.000000 0.000000
84.000000 0.000000
85.000000 0.000000
86.000000 0.000000
87.000000 0.000000
88.000000 0.000000
89.000000 0.000000
90.000000 0.000000
91.000000 0.000000
92.000000 0.000000
93.000000 0.000000
94.000000 0.000000
95.000000 0.000000
96.000000 0.000000
97.000000 0.000000
98.000000 0.000000
99.000000 0.000000
100.000000 0.000000
101.000000 0.000000
102.000000 0.000000
103.000000 0.000000
104.000000 0.000000
105.000000 0.000000
106.000000 0.000000
107.000000 0.000000
108.000000 0.000000
109.000000 0.000000
110.000000 0.000000
111.000000 0.000000
112.000000 0.000000
113.000000 0.000000
114.000000 0.000000
115.000000 0.000000
116.000000 0.000000
117.000000 0.000000
118.000000 0.000000
119.000000 0.000000
120.000000 0.000000
121.000000 0.000000
122.000000 0.000000
123.000000 0.000000
124.000000 0.000000
125.000000 0.000000
126.000000 0.000000
127.000000 0.000000
128.000000 0.000000
129.000000 0.000000
130.000000 0.000000
131.000000 0.000000
132.000000 0.000000
133.000000 0.000000
134.000000 0.000000
135.000000 0.000000
136.000000 0.000000
137.000000 0.000000
138.000000 0.000000
139.000000 0.000000
140.000000 0.000000
141.000000 0.000000
142.000000 0.000000
143.000000 0.000000
144.000000 0.000000
145.000000 0.000000
146.000000 0.000000
147.000000 0.000000
148.000000 0.000000
149.000000 0.000000
150.000000 0.000000
151.000000 0.000000
152.000000 0.000000
153.000000 0.000000
154.000000 0.000000
155.000000 0.000000
156.000000 0.000000
157.000000 0.000000
158.000000 0.000000
159.000000 0.000000
160.000000 0.000000
161.000000 0.000000
162.000000 0.000000
163.000000 0.000000
164.000000 0.000000
165.000000 0.000000
166.000000 0.000000
167.000000 0.000000
168.000000 0.000000
169.000000 0.000000
170.000000 0.000000
171.000000 0.000000
172.000000 0.000000
173.000000 0.000000
174.000000 0.000000
175.000000 0.000000
176.000000 0.000000
177.000000 0.000000
178.000000 0.000000
179.000000 0.000000
180.000000 0.000000
181.000000 0.000000
182.000000 0.000000
183.000000 0.000000
184.000000 0.000000
185.000000 0.000000
186.000000 0.000000
187.000000 0.000000
188.000000 0.000000
189.000000 0.000000
190.000000 0.000000
191.000000 0.000000
192.000000 0.000000
193.000000 0.000000
194.000000 0.000000
195.000000 0.000000
196.000000 0.000000
197.000000 0.000000
198.000000 0.000000
199.000000 0.000000
200.000000 0.000000
201.000000 0.000000
202.000000 0.000000
203.000000 0.000000
204.000000 0.000000
205.000000 0.000000
206.000000 0.000000
207.000000 0.000000
208.000000 0.000000
209.000000 0.000000
210.000000 0.000000
211.000000 0.000000
212.000000 0.000000
213.000000 0.000000
214.000000 0.000000
215.000000 0.000000
216.000000 0.000000
217.000000 0.000000
218.000000 0.000000
219.000000 0.000000
220.000000 0.000000
221.000000 0.000000
222.000000 0.000000
223.000000 0.000000
224.000000 0.000000
225.000000 0.000000
226.000000 0.000000
227.000000 0.000000
228.000000 0.000000
229.000000 0.000000
230.000000 0.000000
231.000000 0.000000
232.000000 0.000000
233.000000 0.000000
234.000000 0.000000
235.000000 0.000000
236.000000 0.000000
237.000000 0.000000
238.000000 0.000000
239.000000 0.000000
240.000000 0.000000
241.000000 0.000000
242.000000 0.000000
243.000000 0.000000
244.000000 0.000000
245.000000 0.000000
246.000000 0.000000
247.000000 0.000000
248.000000 0.000000
249.000000 0.000000
250.000000 0.000000
251.000000 0.000000
252.000000 0.000000
253.000000 0.000000
254.000000 0.000000
255.000000 0.000000
256.000000 0.000000
257.000000 0.000000
258.000000 0.000000
259.000000 0.000000
260.000000 0.000000
261.000000 0.000000
262.000000 0.000000
263.000000 0.000000
264.000000 0.000000
265.000000 0.000000
266.000000 0.000000
267.000000 0.000000
268.000000 0.000000
269.000000 0.008075
270.000000 0.024210
271.000000 0.048479
272.000000 0.064595
273.000000 0.032552
274.000000 0.016221
275.000000 0.024178
276.000000 0.008091
277.000000 0.016133
278.000000 0.016246
279.000000 0.032277
280.000000 0.073212
281.000000 0.024169
282.000000 0.016156
283.000000 0.040378
284.000000 0.032294
285.000000 0.048420
286.000000 0.016050
287.000000 0.032093
288.000000 0.048106
289.000000 0.023973
290.000000 0.016236
291.000000 0.056184
292.000000 0.016228
293.000000 0.040238
294.000000 0.064797
295.000000 0.024156
296.000000 0.048353
297.000000 0.024265
298.000000 0.056200
299.000000 0.056351
300.000000 0.040392
301.000000 0.185102
302.000000 0.097428
303.000000 0.114132
304.000000 0.600762
305.000000 1.000000
306.000000 0.861162
307.000000 0.543413
308.000000 0.355021
309.000000 0.906110
310.000000 0.982108
311.000000 0.876543
312.000000 0.516478
313.000000 0.249113
314.000000 0.257214
315.000000 0.242752
316.000000 0.208875
317.000000 0.137874
318.000000 0.080582
319.000000 0.162105
320.000000 0.136906
321.000000 0.096391
322.000000 0.144634
323.000000 0.104001
324.000000 0.104463
325.000000 0.113066
326.000000 0.063783
327.000000 0.072051
328.000000 0.080538
329.000000 0.072286
330.000000 0.096805
331.000000 0.056586
332.000000 0.056604
333.000000 0.088545
334.000000 0.064455
335.000000 0.032252
336.000000 0.096876
337.000000 0.055984
338.000000 0.072214
339.000000 0.048694
340.000000 0.031962
341.000000 0.024303
342.000000 0.080977
343.000000 0.096609
344.000000 0.032052
345.000000 0.064575
346.000000 0.048353
347.000000 0.040157
348.000000 0.008014
349.000000 0.063879
350.000000 0.048283
351.000000 0.056437
352.000000 0.064348
353.000000 0.081190
354.000000 0.056213
355.000000 0.072254
356.000000 0.072586
357.000000 0.056479
358.000000 0.031955
359.000000 0.024152
360.000000 0.047918
361.000000 0.063630
362.000000 0.032090
363.000000 0.056567
364.000000 0.072284
365.000000 0.032223
366.000000 0.040351
367.000000 0.056290
368.000000 0.032326
369.000000 0.032304
370.000000 0.024159
371.000000 0.048117
372.000000 0.048088
373.000000 0.016073
374.000000 0.064811
375.000000 0.048374
376.000000 0.016080
377.000000 0.032304
378.000000 0.024080
379.000000 0.000000
380.000000 0.024255
381.000000 0.032246
382.000000 0.072855
383.000000 0.023973
384.000000 0.024478
385.000000 0.016013
386.000000 0.016050
387.000000 0.023993
388.000000 0.015944
389.000000 0.032072
390.000000 0.008049
391.000000 0.031854
392.000000 0.032135
393.000000 0.008070
394.000000 0.040202
395.000000 0.016028
396.000000 0.016056
397.000000 0.032198
398.000000 0.032099
399.000000 0.016010
400.000000 0.000000
401.000000 0.032308
402.000000 0.016142
403.000000 0.024210
404.000000 0.031931
405.000000 0.016123
406.000000 0.032199
407.000000 0.015960
408.000000 0.016145
409.000000 0.056346
410.000000 0.016026
411.000000 0.040122
412.000000 0.016057
413.000000 0.016065
414.000000 0.040439
415.000000 0.024216
416.000000 0.024093
417.000000 0.015975
418.000000 0.032235
419.000000 0.007944
420.000000 0.032074
421.000000 0.016132
422.000000 0.008075
423.000000 0.000000
424.000000 0.032238
425.000000 0.040271
426.000000 0.040426
427.000000 0.032332
428.000000 0.048082
429.000000 0.016001
430.000000 0.032172
431.000000 0.016105
432.000000 0.040069
433.000000 0.039950
434.000000 0.016114
435.000000 0.040470
436.000000 0.008020
437.000000 0.016019
438.000000 0.024029
439.000000 0.040134
440.000000 0.015998
441.000000 0.016018
442.000000 0.032228
443.000000 0.016109
444.000000 0.024081
445.000000 0.040166
446.000000 0.032113
447.000000 0.024219
448.000000 0.024246
449.000000 0.023894
450.000000 0.000000
451.000000 0.007979
452.000000 0.008017
453.000000 0.000000
454.000000 0.016057
455.000000 0.016128
456.000000 0.008015
457.000000 0.007985
458.000000 0.048067
459.000000 0.000000
460.000000 0.024089
461.000000 0.008035
462.000000 0.008043
463.000000 0.023972
464.000000 0.016061
465.000000 0.008020
466.000000 0.008017
467.000000 0.008009
468.000000 0.015992
469.000000 0.007980
470.000000 0.016098
471.000000 0.008017
472.000000 0.000000
473.000000 0.024102
474.000000 0.000000
475.000000 0.000000
476.000000 0.000000
477.000000 0.023876
478.000000 0.015962
479.000000 0.024143
480.000000 0.016062
481.000000 0.007983
482.000000 0.024147
483.000000 0.008045
484.000000 0.032269
485.000000 0.008017
486.000000 0.016018
487.000000 0.016081
488.000000 0.024151
489.000000 0.008027
490.000000 0.016142
491.000000 0.007996
492.000000 0.015973
493.000000 0.016104
494.000000 0.008027
495.000000 0.024249
496.000000 0.007981
497.000000 0.016075
498.000000 0.016051
499.000000 0.024055
500.000000 0.008019
501.000000 0.000000
502.000000 0.016141
503.000000 0.024185
504.000000 0.016073
505.000000 0.024204
506.000000 0.024186
507.000000 0.016229
508.000000 0.023908
509.000000 0.040198
510.000000 0.008011
511.000000 0.016084
512.000000 0.008023
513.000000 0.008013
514.000000 0.016037
515.000000 0.008038
516.000000 0.015940
517.000000 0.000000
518.000000 0.016050
519.000000 0.016117
520.000000 0.007956
521.000000 0.008004
522.000000 0.024164
523.000000 0.024199
524.000000 0.008003
525.000000 0.024150
526.000000 0.040384
527.000000 0.016135
528.000000 0.008049
529.000000 0.008057
530.000000 0.016027
531.000000 0.000000
532.000000 0.000000
533.000000 0.015922
534.000000 0.016026
535.000000 0.016088
536.000000 0.024187
537.000000 0.008002
538.000000 0.000000
539.000000 0.024153
540.000000 0.024236
541.000000 0.007991
542.000000 0.000000
543.000000 0.000000
544.000000 0.000000
545.000000 0.007980
546.000000 0.007978
547.000000 0.016069
548.000000 0.008048
549.000000 0.000000
550.000000 0.008017
551.000000 0.016085
552.000000 0.016070
553.000000 0.000000
554.000000 0.008057
555.000000 0.000000
556.000000 0.007999
557.000000 0.008025
558.000000 0.008011
559.000000 0.007992
560.000000 0.000000
561.000000 0.016082
562.000000 0.008030
563.000000 0.016033
564.000000 0.016087
565.000000 0.000000
566.000000 0.016019
567.000000 0.016142
568.000000 0.016054
569.000000 0.008049
570.000000 0.000000
571.000000 0.008001
572.000000 0.000000
573.000000 0.007998
574.000000 0.000000
575.000000 0.000000
576.000000 0.008003
577.000000 0.007976
578.000000 0.007957
579.000000 0.008039
580.000000 0.008001
581.000000 0.008045
582.000000 0.000000
583.000000 0.000000
584.000000 0.008044
585.000000 0.007985
586.000000 0.000000
587.000000 0.016118
588.000000 0.016002
589.000000 0.008027
590.000000 0.008028
591.000000 0.008015
592.000000 0.008003
593.000000 0.016111
594.000000 0.000000
595.000000 0.000000
596.000000 0.000000
597.000000 0.008036
598.000000 0.000000
599.000000 0.007992
