# Left column = Time after Trigger in seconds & Right column = # Counts
396636191.000000 0.003783
396636192.000000 0.003675
396636193.000000 -0.012560
396636194.000000 -0.005314
396636195.000000 0.015468
396636196.000000 0.002804
396636197.000000 -0.016568
396636198.000000 -0.003316
396636199.000000 -0.003892
396636200.000000 -0.017326
396636201.000000 0.004056
396636202.000000 -0.006144
396636203.000000 -0.025261
396636204.000000 0.001688
396636205.000000 0.011799
396636206.000000 0.011912
396636207.000000 -0.016179
396636208.000000 -0.018626
396636209.000000 0.001528
396636210.000000 0.014324
396636211.000000 0.003578
396636212.000000 -0.022032
396636213.000000 -0.011885
396636214.000000 0.001722
396636215.000000 0.020410
396636216.000000 0.022791
396636217.000000 0.001955
396636218.000000 -0.005222
396636219.000000 -0.023351
396636220.000000 0.015826
396636221.000000 -0.021483
396636222.000000 0.009667
396636223.000000 0.017228
396636224.000000 0.012990
396636225.000000 -0.001114
396636226.000000 0.017133
396636227.000000 0.012280
396636228.000000 0.012520
396636229.000000 0.008127
396636230.000000 0.018510
396636231.000000 -0.006902
396636232.000000 0.010141
396636233.000000 -0.003457
396636234.000000 0.007369
396636235.000000 -0.032626
396636236.000000 0.006960
396636237.000000 0.007695
396636238.000000 0.007796
396636239.000000 0.010962
396636240.000000 0.015571
396636241.000000 -0.019172
396636242.000000 0.004935
396636243.000000 0.005716
396636244.000000 0.013374
396636245.000000 -0.016922
396636246.000000 0.009190
396636247.000000 0.016938
396636248.000000 0.014275
396636249.000000 0.012056
396636250.000000 -0.020451
396636251.000000 0.005209
396636252.000000 -0.005591
396636253.000000 0.000081
396636254.000000 -0.003007
396636255.000000 0.011626
396636256.000000 0.005734
396636257.000000 -0.018724
396636258.000000 0.012200
396636259.000000 0.011258
396636260.000000 0.018004
396636261.000000 -0.009573
396636262.000000 0.003876
396636263.000000 -0.010556
396636264.000000 -0.002947
396636265.000000 -0.002752
396636266.000000 0.011873
396636267.000000 -0.006928
396636268.000000 0.016375
396636269.000000 -0.008992
396636270.000000 -0.018340
396636271.000000 -0.002021
396636272.000000 0.005072
396636273.000000 -0.004335
396636274.000000 0.006401
396636275.000000 -0.010230
396636276.000000 -0.012002
396636277.000000 0.006765
396636278.000000 0.004644
396636279.000000 -0.004592
396636280.000000 0.001742
396636281.000000 -0.027941
396636282.000000 0.027678
396636283.000000 0.005704
396636284.000000 -0.013506
396636285.000000 0.009292
396636286.000000 -0.011281
396636287.000000 -0.001885
396636288.000000 -0.024146
396636289.000000 0.020783
396636290.000000 0.019081
396636291.000000 0.021639
396636292.000000 0.015472
396636293.000000 -0.008139
396636294.000000 -0.003524
396636295.000000 -0.009963
396636296.000000 0.003547
396636297.000000 0.010728
396636298.000000 0.003601
396636299.000000 0.020099
396636300.000000 0.006557
396636301.000000 -0.019949
396636302.000000 -0.021365
396636303.000000 0.011003
396636304.000000 0.009976
396636305.000000 -0.022428
396636306.000000 0.020161
396636307.000000 -0.001321
396636308.000000 0.000776
396636309.000000 -0.005835
396636310.000000 -0.000611
396636311.000000 -0.009697
396636312.000000 0.004108
396636313.000000 -0.012283
396636314.000000 0.002308
396636315.000000 -0.020195
396636316.000000 0.008640
396636317.000000 0.024573
396636318.000000 0.012216
396636319.000000 -0.005469
396636320.000000 0.017127
396636321.000000 -0.006115
396636322.000000 0.015906
396636323.000000 0.006020
396636324.000000 0.013662
396636325.000000 0.016592
396636326.000000 0.015995
396636327.000000 0.003997
396636328.000000 0.022235
396636329.000000 0.059806
396636330.000000 0.184892
396636331.000000 0.328354
396636332.000000 0.599005
396636333.000000 0.457466
396636334.000000 0.377421
396636335.000000 0.431661
396636336.000000 0.615083
396636337.000000 0.505936
396636338.000000 0.809576
396636339.000000 0.383318
396636340.000000 0.271478
396636341.000000 0.234085
396636342.000000 0.413805
396636343.000000 0.182076
396636344.000000 0.135014
396636345.000000 0.090977
396636346.000000 0.045049
396636347.000000 0.043578
396636348.000000 0.030022
396636349.000000 0.010279
396636350.000000 0.030680
396636351.000000 0.023844
396636352.000000 0.016882
396636353.000000 0.005641
396636354.000000 0.019844
396636355.000000 -0.012902
396636356.000000 0.001518
396636357.000000 0.014120
396636358.000000 -0.004131
396636359.000000 0.014379
396636360.000000 -0.000962
396636361.000000 0.001077
396636362.000000 0.009845
396636363.000000 0.005908
396636364.000000 -0.019574
396636365.000000 0.004075
396636366.000000 0.006785
396636367.000000 -0.000222
396636368.000000 -0.007154
396636369.000000 -0.007216
396636370.000000 0.002782
396636371.000000 -0.001870
396636372.000000 0.008901
396636373.000000 0.006116
396636374.000000 0.013298
396636375.000000 -0.002286
396636376.000000 0.012182
396636377.000000 -0.006927
396636378.000000 -0.021925
396636379.000000 -0.004708
396636380.000000 -0.014317
396636381.000000 0.010228
396636382.000000 -0.004741
396636383.000000 0.032348
396636384.000000 -0.008566
396636385.000000 0.017730
396636386.000000 -0.009506
396636387.000000 -0.001457
396636388.000000 0.021386
396636389.000000 0.010236
396636390.000000 0.003185
396636391.000000 0.004926
396636392.000000 -0.018332
396636393.000000 0.002325
396636394.000000 0.006351
396636395.000000 -0.004511
396636396.000000 0.018103
396636397.000000 0.008725
396636398.000000 -0.006693
396636399.000000 0.007532
396636400.000000 0.002210
396636401.000000 -0.002098
396636402.000000 0.006906
396636403.000000 -0.011409
396636404.000000 0.011187
396636405.000000 -0.002953
396636406.000000 0.007125
396636407.000000 -0.017474
396636408.000000 0.002549
396636409.000000 -0.009845
396636410.000000 -0.008071
396636411.000000 -0.006127
396636412.000000 0.024018
396636413.000000 -0.000693
396636414.000000 0.002781
396636415.000000 0.004190
396636416.000000 0.017370
396636417.000000 -0.019848
396636418.000000 0.018708
396636419.000000 0.017688
396636420.000000 -0.005580
396636421.000000 0.003584
396636422.000000 0.004857
396636423.000000 0.006370
396636424.000000 0.001349
396636425.000000 -0.029098
396636426.000000 0.009021
396636427.000000 0.009953
396636428.000000 -0.008892
396636429.000000 0.001482
396636430.000000 0.002433
396636431.000000 -0.002261
396636432.000000 0.016347
396636433.000000 -0.005457
396636434.000000 -0.001827
396636435.000000 0.009836
396636436.000000 -0.005469
396636437.000000 0.024194
396636438.000000 -0.024056
396636439.000000 0.013619
396636440.000000 0.006239
396636441.000000 0.007566
396636442.000000 -0.007764
396636443.000000 -0.007367
396636444.000000 0.006777
396636445.000000 0.002485
396636446.000000 0.015501
396636447.000000 -0.014422
396636448.000000 0.031562
396636449.000000 0.010989
396636450.000000 0.000106
396636451.000000 -0.008691
396636452.000000 0.007240
396636453.000000 -0.018231
396636454.000000 -0.016158
396636455.000000 -0.017294
396636456.000000 0.008900
396636457.000000 0.000075
396636458.000000 0.022742
396636459.000000 -0.009255
396636460.000000 0.008190
396636461.000000 -0.003366
396636462.000000 0.010373
396636463.000000 -0.001334
396636464.000000 0.006441
396636465.000000 -0.004193
396636466.000000 0.025926
396636467.000000 0.010284
396636468.000000 0.020218
396636469.000000 0.004714
396636470.000000 -0.008004
396636471.000000 -0.015521
396636472.000000 0.026361
396636473.000000 0.008664
396636474.000000 0.003790
396636475.000000 0.003880
396636476.000000 0.012034
396636477.000000 0.007194
396636478.000000 0.002014
396636479.000000 -0.001047
396636480.000000 0.003562
396636481.000000 0.000902
396636482.000000 -0.005907
396636483.000000 -0.008339
396636484.000000 -0.002335
396636485.000000 0.009137
396636486.000000 -0.032034
396636487.000000 0.012931
396636488.000000 -0.016677
396636489.000000 -0.008185
396636490.000000 -0.018894
396636491.000000 0.019505
396636492.000000 -0.009719
396636493.000000 -0.000935
396636494.000000 0.000631
396636495.000000 -0.011883
396636496.000000 -0.010392
396636497.000000 0.003566
396636498.000000 0.002969
396636499.000000 0.009003
396636500.000000 -0.014373
396636501.000000 -0.012032
396636502.000000 0.005803
396636503.000000 0.008938
396636504.000000 0.003237
396636505.000000 0.014333
396636506.000000 -0.007706
396636507.000000 -0.000086
396636508.000000 0.006000
396636509.000000 0.016608
396636510.000000 0.005685
396636511.000000 0.007465
396636512.000000 0.000302
