# Left column = Time after Trigger in seconds & Right column = # Counts
394344835.000000 -0.008347
394344836.000000 -0.033337
394344837.000000 -0.009496
394344838.000000 0.029657
394344839.000000 0.029178
394344840.000000 0.016893
394344841.000000 -0.005595
394344842.000000 0.003856
394344843.000000 0.015795
394344844.000000 -0.025811
394344845.000000 0.016407
394344846.000000 0.027593
394344847.000000 0.000721
394344848.000000 0.015823
394344849.000000 0.027936
394344850.000000 0.037956
394344851.000000 0.009481
394344852.000000 -0.025760
394344853.000000 0.012573
394344854.000000 -0.032123
394344855.000000 -0.001502
394344856.000000 -0.033605
394344857.000000 -0.004691
394344858.000000 0.016142
394344859.000000 0.018974
394344860.000000 0.027550
394344861.000000 0.003193
394344862.000000 -0.032025
394344863.000000 -0.000941
394344864.000000 0.007379
394344865.000000 -0.020388
394344866.000000 0.002938
394344867.000000 0.013107
394344868.000000 0.010848
394344869.000000 -0.001338
394344870.000000 0.018720
394344871.000000 0.008269
394344872.000000 -0.010722
394344873.000000 -0.018720
394344874.000000 0.014647
394344875.000000 0.018078
394344876.000000 -0.028602
394344877.000000 0.003910
394344878.000000 -0.046924
394344879.000000 -0.014109
394344880.000000 0.011754
394344881.000000 0.058871
394344882.000000 0.012478
394344883.000000 -0.014656
394344884.000000 0.027478
394344885.000000 0.005185
394344886.000000 0.014632
394344887.000000 -0.005141
394344888.000000 -0.024024
394344889.000000 -0.028760
394344890.000000 -0.015885
394344891.000000 -0.000315
394344892.000000 -0.025980
394344893.000000 0.002973
394344894.000000 -0.008824
394344895.000000 -0.015768
394344896.000000 -0.036832
394344897.000000 0.005311
394344898.000000 -0.000996
394344899.000000 -0.006124
394344900.000000 -0.010289
394344901.000000 0.027006
394344902.000000 0.012032
394344903.000000 0.047894
394344904.000000 0.006256
394344905.000000 -0.024643
394344906.000000 -0.014691
394344907.000000 0.011066
394344908.000000 -0.017437
394344909.000000 -0.020872
394344910.000000 0.022578
394344911.000000 0.037109
394344912.000000 0.007902
394344913.000000 -0.054234
394344914.000000 -0.020462
394344915.000000 0.025959
394344916.000000 -0.042120
394344917.000000 -0.019291
394344918.000000 -0.024210
394344919.000000 0.024079
394344920.000000 0.039361
394344921.000000 -0.020823
394344922.000000 -0.004361
394344923.000000 0.026931
394344924.000000 0.001605
394344925.000000 0.012180
394344926.000000 0.000825
394344927.000000 -0.021430
394344928.000000 -0.021025
394344929.000000 -0.025953
394344930.000000 -0.003051
394344931.000000 0.007172
394344932.000000 -0.003445
394344933.000000 0.021561
394344934.000000 -0.041273
394344935.000000 -0.001144
394344936.000000 0.023336
394344937.000000 0.046366
394344938.000000 -0.035039
394344939.000000 0.012100
394344940.000000 -0.038381
394344941.000000 -0.028483
394344942.000000 0.012580
394344943.000000 0.010318
394344944.000000 0.011614
394344945.000000 -0.027922
394344946.000000 -0.003074
394344947.000000 0.001961
394344948.000000 -0.020818
394344949.000000 0.007582
394344950.000000 -0.004775
394344951.000000 0.034297
394344952.000000 0.018983
394344953.000000 -0.015711
394344954.000000 -0.013407
394344955.000000 0.003799
394344956.000000 0.011529
394344957.000000 0.006550
394344958.000000 -0.019118
394344959.000000 -0.028933
394344960.000000 -0.042462
394344961.000000 -0.003876
394344962.000000 0.017389
394344963.000000 -0.006341
394344964.000000 -0.004407
394344965.000000 -0.040474
394344966.000000 -0.020296
394344967.000000 0.030225
394344968.000000 -0.019335
394344969.000000 -0.030042
394344970.000000 0.023709
394344971.000000 0.006285
394344972.000000 -0.005655
394344973.000000 0.027680
394344974.000000 0.035458
394344975.000000 0.024434
394344976.000000 -0.000447
394344977.000000 -0.002414
394344978.000000 -0.019114
394344979.000000 -0.006853
394344980.000000 0.019891
394344981.000000 0.003040
394344982.000000 0.011591
394344983.000000 0.024055
394344984.000000 0.017777
394344985.000000 -0.002115
394344986.000000 -0.005766
394344987.000000 -0.003824
394344988.000000 0.017678
394344989.000000 0.019528
394344990.000000 -0.010208
394344991.000000 0.012360
394344992.000000 -0.001086
394344993.000000 -0.003443
394344994.000000 0.018018
394344995.000000 -0.001795
394344996.000000 -0.000917
394344997.000000 0.003043
394344998.000000 0.030816
394344999.000000 0.019792
394345000.000000 -0.021451
394345001.000000 0.026121
394345002.000000 0.010229
394345003.000000 0.015607
394345004.000000 -0.015755
394345005.000000 -0.033416
394345006.000000 0.007442
394345007.000000 0.013026
394345008.000000 0.010990
394345009.000000 0.005377
394345010.000000 0.019131
394345011.000000 0.008423
394345012.000000 -0.009218
394345013.000000 0.007125
394345014.000000 -0.031529
394345015.000000 0.012240
394345016.000000 -0.011891
394345017.000000 0.008006
394345018.000000 -0.016775
394345019.000000 0.029654
394345020.000000 0.016440
394345021.000000 -0.007633
394345022.000000 -0.014584
394345023.000000 0.025354
394345024.000000 -0.008701
394345025.000000 -0.072499
394345026.000000 -0.004547
394345027.000000 0.008277
394345028.000000 -0.009708
394345029.000000 0.011688
394345030.000000 0.005432
394345031.000000 -0.018480
394345032.000000 -0.001362
394345033.000000 -0.018257
394345034.000000 -0.008563
394345035.000000 -0.005485
394345036.000000 0.019884
394345037.000000 0.000031
394345038.000000 -0.003078
394345039.000000 0.011938
394345040.000000 0.022603
394345041.000000 -0.019975
394345042.000000 -0.041555
394345043.000000 0.002850
394345044.000000 -0.034045
394345045.000000 -0.026658
394345046.000000 0.000058
394345047.000000 0.046622
394345048.000000 -0.019125
394345049.000000 0.018467
394345050.000000 -0.011412
394345051.000000 0.015803
394345052.000000 -0.034605
394345053.000000 0.010049
394345054.000000 -0.009597
394345055.000000 -0.024179
394345056.000000 -0.049313
394345057.000000 -0.013124
394345058.000000 -0.009127
394345059.000000 -0.033410
394345060.000000 -0.036483
394345061.000000 0.021531
394345062.000000 0.034351
394345063.000000 -0.013609
394345064.000000 0.008679
394345065.000000 -0.037485
394345066.000000 0.030192
394345067.000000 0.020089
394345068.000000 0.022683
394345069.000000 0.016311
394345070.000000 0.001506
394345071.000000 0.002749
394345072.000000 0.073512
394345073.000000 0.386342
394345074.000000 1.772337
394345075.000000 1.822085
394345076.000000 0.970872
394345077.000000 1.107434
394345078.000000 0.513192
394345079.000000 0.145163
394345080.000000 0.028817
394345081.000000 0.005668
394345082.000000 0.033773
394345083.000000 -0.028115
394345084.000000 -0.008169
394345085.000000 -0.012242
394345086.000000 0.005720
394345087.000000 -0.002284
394345088.000000 0.014992
394345089.000000 0.019437
394345090.000000 0.018932
394345091.000000 0.003431
394345092.000000 -0.014034
394345093.000000 -0.025213
394345094.000000 -0.011317
394345095.000000 -0.013083
394345096.000000 -0.003043
394345097.000000 -0.019205
394345098.000000 0.000720
394345099.000000 0.020945
394345100.000000 0.008905
394345101.000000 -0.041206
394345102.000000 0.020450
394345103.000000 -0.011615
394345104.000000 -0.023552
394345105.000000 -0.014608
394345106.000000 -0.000247
394345107.000000 0.020275
394345108.000000 -0.003174
394345109.000000 -0.004067
394345110.000000 0.010267
394345111.000000 -0.005157
394345112.000000 -0.016439
394345113.000000 -0.004978
394345114.000000 -0.003661
394345115.000000 0.021741
394345116.000000 0.017916
394345117.000000 0.003391
394345118.000000 0.011552
394345119.000000 0.012641
394345120.000000 0.021213
394345121.000000 0.006254
394345122.000000 0.001060
394345123.000000 -0.003277
394345124.000000 -0.001015
394345125.000000 0.005171
394345126.000000 0.012152
394345127.000000 0.014245
394345128.000000 0.005124
394345129.000000 0.003899
394345130.000000 0.004424
394345131.000000 0.015097
394345132.000000 -0.007703
394345133.000000 0.007274
394345134.000000 0.018536
394345135.000000 0.014021
394345136.000000 0.015824
394345137.000000 0.007131
394345138.000000 0.009495
394345139.000000 -0.012127
394345140.000000 0.003651
394345141.000000 0.019902
394345142.000000 0.002607
394345143.000000 0.007632
394345144.000000 0.001086
394345145.000000 -0.014204
394345146.000000 0.012386
394345147.000000 0.010967
394345148.000000 -0.014104
394345149.000000 -0.002610
394345150.000000 -0.000494
394345151.000000 -0.002575
394345152.000000 0.002416
394345153.000000 -0.007826
394345154.000000 0.011627
394345155.000000 0.006488
394345156.000000 0.009869
394345157.000000 0.019888
394345158.000000 -0.007609
394345159.000000 0.005370
394345160.000000 -0.005225
394345161.000000 0.008075
394345162.000000 0.023018
394345163.000000 0.006487
394345164.000000 -0.006980
394345165.000000 0.003052
394345166.000000 0.006694
394345167.000000 -0.005494
394345168.000000 -0.000716
394345169.000000 -0.000778
394345170.000000 -0.000277
394345171.000000 -0.008324
394345172.000000 0.007650
394345173.000000 -0.015086
394345174.000000 0.005885
394345175.000000 0.003115
394345176.000000 -0.000192
394345177.000000 0.001901
394345178.000000 -0.002452
394345179.000000 -0.007615
394345180.000000 0.026796
394345181.000000 -0.000390
394345182.000000 -0.004207
394345183.000000 0.018829
394345184.000000 0.007519
394345185.000000 -0.006216
394345186.000000 -0.002560
394345187.000000 -0.006370
394345188.000000 0.002377
394345189.000000 -0.007690
394345190.000000 -0.004208
394345191.000000 -0.009326
394345192.000000 -0.022316
394345193.000000 -0.006728
394345194.000000 -0.011369
394345195.000000 -0.003947
394345196.000000 -0.009107
394345197.000000 -0.006012
394345198.000000 -0.002792
394345199.000000 -0.008760
394345200.000000 -0.010903
394345201.000000 -0.003386
394345202.000000 0.006809
394345203.000000 0.013990
394345204.000000 0.000090
394345205.000000 0.007927
394345206.000000 0.002404
394345207.000000 0.006040
394345208.000000 -0.003926
394345209.000000 -0.011690
394345210.000000 -0.007399
394345211.000000 -0.010542
394345212.000000 -0.002392
394345213.000000 0.004427
394345214.000000 0.010747
394345215.000000 -0.005020
394345216.000000 0.006396
394345217.000000 0.004193
394345218.000000 -0.011131
394345219.000000 -0.007082
394345220.000000 0.018882
394345221.000000 -0.008367
394345222.000000 0.015696
394345223.000000 0.000800
394345224.000000 0.004099
394345225.000000 -0.000691
394345226.000000 -0.008708
394345227.000000 0.007545
394345228.000000 0.010154
394345229.000000 -0.011040
394345230.000000 -0.004670
394345231.000000 0.013197
394345232.000000 -0.008749
394345233.000000 -0.000431
394345234.000000 -0.008741
394345235.000000 0.016116
394345236.000000 -0.008743
394345237.000000 0.013034
394345238.000000 -0.000786
394345239.000000 0.026051
394345240.000000 -0.003491
394345241.000000 -0.005058
394345242.000000 0.019855
394345243.000000 0.005800
394345244.000000 -0.000490
394345245.000000 0.018069
394345246.000000 0.008926
394345247.000000 0.014318
394345248.000000 -0.002799
394345249.000000 -0.003063
394345250.000000 0.009119
394345251.000000 -0.001412
394345252.000000 0.007659
394345253.000000 -0.016661
394345254.000000 0.009369
394345255.000000 -0.007886
394345256.000000 0.005438
394345257.000000 0.004965
394345258.000000 0.007956
394345259.000000 0.001324
394345260.000000 -0.017990
394345261.000000 -0.002490
394345262.000000 0.001283
394345263.000000 -0.004183
394345264.000000 0.021248
394345265.000000 0.000674
394345266.000000 0.013699
394345267.000000 -0.002386
394345268.000000 -0.009503
394345269.000000 -0.006830
394345270.000000 0.001414
394345271.000000 0.023227
394345272.000000 0.017926
394345273.000000 -0.001045
394345274.000000 -0.010088
394345275.000000 -0.008947
394345276.000000 0.010451
394345277.000000 0.010521
394345278.000000 0.012788
394345279.000000 0.000801
394345280.000000 -0.007644
394345281.000000 0.008275
394345282.000000 0.003933
394345283.000000 0.004963
394345284.000000 -0.004754
394345285.000000 0.013238
394345286.000000 -0.012339
394345287.000000 0.008958
394345288.000000 -0.004057
394345289.000000 0.008866
394345290.000000 -0.012094
394345291.000000 -0.013583
394345292.000000 0.001372
394345293.000000 -0.004935
394345294.000000 0.001935
394345295.000000 -0.010672
394345296.000000 0.007754
394345297.000000 0.014629
394345298.000000 -0.005596
394345299.000000 -0.000095
394345300.000000 0.033066
394345301.000000 0.001931
394345302.000000 -0.012188
394345303.000000 0.007670
394345304.000000 0.009483
394345305.000000 -0.000516
394345306.000000 -0.002115
394345307.000000 -0.004081
394345308.000000 -0.019853
394345309.000000 -0.005119
394345310.000000 -0.012779
394345311.000000 0.005656
394345312.000000 -0.022550
394345313.000000 0.003390
394345314.000000 -0.000632
394345315.000000 -0.004616
394345316.000000 0.005955
394345317.000000 0.002632
394345318.000000 0.019309
394345319.000000 0.000186
394345320.000000 -0.002136
394345321.000000 0.001032
394345322.000000 0.009684
394345323.000000 0.003044
394345324.000000 0.003400
394345325.000000 -0.019198
394345326.000000 -0.008473
394345327.000000 0.001168
394345328.000000 0.002448
394345329.000000 0.004742
394345330.000000 -0.003946
394345331.000000 0.000336
394345332.000000 -0.004594
394345333.000000 0.008629
394345334.000000 -0.005586
394345335.000000 0.000873
394345336.000000 -0.016070
394345337.000000 -0.013319
394345338.000000 0.014570
394345339.000000 0.004205
394345340.000000 -0.011868
394345341.000000 -0.014281
394345342.000000 -0.008500
394345343.000000 -0.006163
394345344.000000 -0.034299
394345345.000000 -0.005318
394345346.000000 -0.016880
394345347.000000 -0.006095
394345348.000000 -0.006918
394345349.000000 -0.007007
394345350.000000 0.002663
394345351.000000 -0.004051
394345352.000000 0.010121
394345353.000000 -0.018899
394345354.000000 0.004923
394345355.000000 0.005372
394345356.000000 0.030505
394345357.000000 0.015874
394345358.000000 -0.011646
394345359.000000 0.001971
394345360.000000 -0.001887
394345361.000000 -0.004629
394345362.000000 0.014857
394345363.000000 -0.005044
394345364.000000 -0.010648
394345365.000000 -0.006613
394345366.000000 0.004443
394345367.000000 -0.003837
394345368.000000 0.011697
394345369.000000 -0.010380
394345370.000000 -0.011945
394345371.000000 -0.003312
394345372.000000 -0.009623
394345373.000000 -0.005739
394345374.000000 -0.011187
394345375.000000 0.012435
394345376.000000 -0.012996
394345377.000000 -0.011396
394345378.000000 -0.035216
394345379.000000 -0.003299
394345380.000000 -0.010084
394345381.000000 0.007037
394345382.000000 0.000492
394345383.000000 0.010149
394345384.000000 0.017469
394345385.000000 0.013274
394345386.000000 0.013414
