# Left column = Time after Trigger in seconds & Right column = # Counts / Exposure = Flux per cm² s
529439348.000000 0.009513
529439349.000000 0.011285
529439350.000000 -0.003739
529439351.000000 0.006668
529439352.000000 -0.005059
529439353.000000 -0.010102
529439354.000000 -0.004836
529439355.000000 -0.033685
529439356.000000 -0.001159
529439357.000000 -0.007758
529439358.000000 -0.003521
529439359.000000 0.003866
529439360.000000 -0.014172
529439361.000000 0.023739
529439362.000000 0.016270
529439363.000000 0.011758
529439364.000000 0.012112
529439365.000000 0.015930
529439366.000000 0.001440
529439367.000000 0.001159
529439368.000000 0.009817
529439369.000000 -0.001418
529439370.000000 0.012902
529439371.000000 0.002499
529439372.000000 0.002475
529439373.000000 -0.004421
529439374.000000 -0.013521
529439375.000000 0.005628
529439376.000000 -0.008952
529439377.000000 0.002998
529439378.000000 -0.011566
529439379.000000 -0.012489
529439380.000000 0.016944
529439381.000000 0.003219
529439382.000000 -0.012189
529439383.000000 0.001323
529439384.000000 0.011751
529439385.000000 -0.001120
529439386.000000 0.013345
529439387.000000 -0.012413
529439388.000000 0.023145
529439389.000000 0.015616
529439390.000000 0.005654
529439391.000000 0.010306
529439392.000000 -0.006969
529439393.000000 -0.029545
529439394.000000 0.005414
529439395.000000 0.004091
529439396.000000 0.012838
529439397.000000 -0.001841
529439398.000000 -0.006767
529439399.000000 0.017516
529439400.000000 -0.011048
529439401.000000 0.005322
529439402.000000 0.000258
529439403.000000 -0.004722
529439404.000000 0.016484
529439405.000000 0.011009
529439406.000000 0.005630
529439407.000000 -0.008334
529439408.000000 -0.004394
529439409.000000 0.002559
529439410.000000 -0.001547
529439411.000000 -0.010686
529439412.000000 -0.019296
529439413.000000 -0.015081
529439414.000000 -0.009123
529439415.000000 0.003797
529439416.000000 0.022532
529439417.000000 -0.029190
529439418.000000 -0.007262
529439419.000000 0.006458
529439420.000000 0.014763
529439421.000000 0.008430
529439422.000000 0.011752
529439423.000000 -0.007665
529439424.000000 0.014526
529439425.000000 -0.008240
529439426.000000 -0.002164
529439427.000000 0.007288
529439428.000000 -0.010118
529439429.000000 -0.006544
529439430.000000 -0.003379
529439431.000000 -0.003431
529439432.000000 0.002213
529439433.000000 -0.017065
529439434.000000 0.019899
529439435.000000 -0.006574
529439436.000000 0.001598
529439437.000000 -0.016725
529439438.000000 0.028448
529439439.000000 -0.021926
529439440.000000 0.003556
529439441.000000 0.016571
529439442.000000 -0.000742
529439443.000000 0.001667
529439444.000000 0.012505
529439445.000000 0.006404
529439446.000000 -0.000344
529439447.000000 0.033340
529439448.000000 -0.003842
529439449.000000 0.020938
529439450.000000 0.000086
529439451.000000 -0.016685
529439452.000000 0.015922
529439453.000000 0.019940
529439454.000000 -0.001165
529439455.000000 0.013884
529439456.000000 -0.010852
529439457.000000 -0.006450
529439458.000000 0.000971
529439459.000000 0.008401
529439460.000000 0.024885
529439461.000000 0.021022
529439462.000000 0.003685
529439463.000000 -0.019023
529439464.000000 0.001671
529439465.000000 0.003892
529439466.000000 0.030123
529439467.000000 -0.011522
529439468.000000 -0.015392
529439469.000000 -0.012227
529439470.000000 -0.009295
529439471.000000 -0.014297
529439472.000000 0.017881
529439473.000000 -0.006797
529439474.000000 -0.011664
529439475.000000 0.013045
529439476.000000 0.022169
529439477.000000 -0.003013
529439478.000000 -0.008086
529439479.000000 0.029379
529439480.000000 -0.005221
529439481.000000 0.007537
529439482.000000 -0.004337
529439483.000000 -0.007009
529439484.000000 -0.005011
529439485.000000 -0.008284
529439486.000000 0.025764
529439487.000000 -0.008634
529439488.000000 0.002697
529439489.000000 -0.005126
529439490.000000 -0.002686
529439491.000000 -0.000278
529439492.000000 0.006104
529439493.000000 0.000890
529439494.000000 -0.016181
529439495.000000 -0.005736
529439496.000000 -0.011077
529439497.000000 0.005402
529439498.000000 -0.002393
529439499.000000 0.008628
529439500.000000 -0.004447
529439501.000000 0.000893
529439502.000000 0.024187
529439503.000000 0.003711
529439504.000000 0.000032
529439505.000000 0.004811
529439506.000000 0.011290
529439507.000000 -0.007822
529439508.000000 0.017158
529439509.000000 -0.017278
529439510.000000 -0.011450
529439511.000000 0.012066
529439512.000000 -0.002105
529439513.000000 -0.023388
529439514.000000 0.002885
529439515.000000 -0.003644
529439516.000000 -0.011771
529439517.000000 -0.034021
529439518.000000 -0.007616
529439519.000000 -0.008273
529439520.000000 -0.012886
529439521.000000 -0.030567
529439522.000000 -0.014281
529439523.000000 0.002660
529439524.000000 -0.014523
529439525.000000 -0.025080
529439526.000000 -0.035050
529439527.000000 0.008610
529439528.000000 0.037389
529439529.000000 0.017360
529439530.000000 0.004761
529439531.000000 -0.007800
529439532.000000 -0.012153
529439533.000000 -0.033329
529439534.000000 -0.000532
529439535.000000 0.000905
529439536.000000 0.007022
529439537.000000 -0.031558
529439538.000000 -0.015236
529439539.000000 0.017312
529439540.000000 0.029189
529439541.000000 0.038178
529439542.000000 -0.010444
529439543.000000 0.006584
529439544.000000 0.010817
529439545.000000 0.000573
529439546.000000 -0.015136
529439547.000000 -0.011562
529439548.000000 0.015627
529439549.000000 -0.005070
529439550.000000 -0.001803
529439551.000000 -0.006668
529439552.000000 0.018058
529439553.000000 0.000694
529439554.000000 -0.024412
529439555.000000 0.022047
529439556.000000 -0.027073
529439557.000000 0.026908
529439558.000000 0.001156
529439559.000000 -0.026766
529439560.000000 0.001418
529439561.000000 0.000159
529439562.000000 -0.018618
529439563.000000 -0.023368
529439564.000000 -0.023426
529439565.000000 -0.013410
529439566.000000 -0.048528
529439567.000000 0.020437
529439568.000000 0.016917
529439569.000000 0.005092
529439570.000000 -0.002545
529439571.000000 -0.013158
529439572.000000 -0.016086
529439573.000000 -0.011747
529439574.000000 0.023866
529439575.000000 0.003325
529439576.000000 -0.069971
529439577.000000 -0.010932
529439578.000000 -0.010807
529439579.000000 -0.015700
529439580.000000 -0.029967
529439581.000000 -0.028663
529439582.000000 -0.009383
529439583.000000 -0.027316
529439584.000000 0.006363
529439585.000000 0.008131
529439586.000000 0.060238
529439587.000000 0.849186
529439588.000000 0.758158
529439589.000000 0.224846
529439590.000000 0.063401
529439591.000000 -0.002520
529439592.000000 -0.030049
529439593.000000 0.042063
529439594.000000 0.030240
529439595.000000 -0.003119
529439596.000000 -0.036166
529439597.000000 -0.073095
529439598.000000 0.000464
529439599.000000 0.001098
529439600.000000 -0.018664
529439601.000000 -0.002059
529439602.000000 -0.009250
529439603.000000 0.010003
529439604.000000 -0.033877
529439605.000000 -0.009027
529439606.000000 -0.043613
529439607.000000 -0.023165
529439608.000000 -0.002807
529439609.000000 -0.025350
529439610.000000 -0.020268
529439611.000000 -0.003684
529439612.000000 -0.014682
529439613.000000 -0.020179
529439614.000000 -0.059829
529439615.000000 -0.078807
529439616.000000 -0.023465
529439617.000000 -0.024335
529439618.000000 -0.025334
529439619.000000 0.000736
529439620.000000 0.019843
529439621.000000 0.033591
529439622.000000 -0.003886
529439623.000000 -0.025545
529439624.000000 -0.008083
529439625.000000 -0.083818
529439626.000000 -0.015061
529439627.000000 -0.012410
529439628.000000 -0.012767
529439629.000000 -0.004373
529439630.000000 -0.017938
529439631.000000 -0.003020
529439632.000000 0.031758
529439633.000000 -0.042385
529439634.000000 -0.045215
529439635.000000 -0.020443
529439636.000000 0.010164
529439637.000000 -0.035303
529439638.000000 0.016403
529439639.000000 -0.014497
529439640.000000 -0.067429
529439641.000000 0.000000
529439642.000000 0.000000
529439643.000000 0.000000
529439644.000000 0.000000
529439645.000000 0.000000
529439646.000000 0.000000
529439647.000000 0.000000
529439648.000000 0.000000
529439649.000000 0.000000
529439650.000000 0.000000
